0.00161986
0.00161986
0.00161986
0.00161986
0.00161986
0.00161986
0.00161986
0.00161986
0.00161986
0.00161986
0.00161986
0.00161986
0.00161986
0.00161986
0.00161986
0.00161986
0.00161986
0.00161986
0.00161986
0.00161986
0.00161986
0.00161986
0.00161986
0.00161986
0.00161986
0.00161986
0.00161986
0.00161986
0.00161986
0.00161986
0.00161986
0.00161986
0.00161986
0.00161986
0.00161986
0.00161986
0.00161986
0.00161986
0.00161986
0.00161986
0.00161986
0.00161986
0.00161986
0.00161986
0.00161986
0.00161986
0.00161986
0.00161986
0.00161986
0.00161986
0.00161986

0.00161986
0.00161986
0.00161986
0.00161986
0.00161986
0.00161986
0.00161986
0.00161986
0.00161986
0.00161986
0.00161986
0.00161986
0.00161986
0.00161986
0.00161986
0.00161986
0.00161986
0.00161986
0.00161986
0.00161986
0.00161986
0.00161986
0.00161986
0.00161986
0.00161986
0.00161986
0.00161986
0.00161986
0.00161986
0.00161986
0.00161986
0.00161986
0.00161986
0.00161986
0.00161986
0.00161986
0.00161986
0.00161986
0.00161986
0.00161986
0.00161986
0.00161986
0.00161986
0.00161986
0.00161986
0.00161986
0.00161986
0.00161986
0.00161986
0.00161986
0.00161986

0.00161986
0.00161986
0.00161986
0.00161986
0.00161986
0.00161986
0.00161986
0.00161986
0.00161986
0.00161986
0.00161986
0.00161986
0.00161986
0.00161986
0.00161986
0.00161986
0.00161986
0.00161986
0.00161986
0.00161986
0.00161986
0.00161986
0.00161986
0.00161986
0.00161986
0.00161986
0.00161986
0.00161986
0.00161986
0.00161986
0.00161986
0.00161986
0.00161986
0.00161986
0.00161986
0.00161986
0.00161986
0.00161986
0.00161986
0.00161986
0.00161986
0.00161986
0.00161986
0.00161986
0.00161986
0.00161986
0.00161986
0.00161986
0.00161986
0.00161986
0.00161986

0.00161986
0.00161986
0.00161986
0.00161986
0.00161986
0.00161986
0.00161986
0.00161986
0.00161986
0.00161986
0.00161986
0.00161986
0.00161986
0.00161986
0.00161986
0.00161986
0.00161986
0.00161986
0.00161986
0.00161986
0.00161986
0.00161986
0.00161986
0.00161986
0.00161986
0.00161986
0.00161986
0.00161986
0.00161986
0.00161986
0.00161986
0.00161986
0.00161986
0.00161986
0.00161986
0.00161986
0.00161986
0.00161986
0.00161986
0.00161986
0.00161986
0.00161986
0.00161986
0.00161986
0.00161986
0.00161986
0.00161986
0.00161986
0.00161986
0.00161986
0.00161986

0.00161986
0.00161986
0.00161986
0.00161986
0.00161986
0.00161986
0.00161986
0.00161986
0.00161986
0.00161986
0.00161986
0.00161986
0.00161986
0.00161986
0.00161986
0.00161986
0.00161986
0.00161986
0.00161986
4.64555
4.01452
4.27762
4.15585
3.89401
3.48699
2.71521
1.7521
1.00851
0.646872
0.420917
0.238909
0.185236
0.00161986
0.00161986
0.00161986
0.00161986
0.00161986
0.00161986
0.00161986
0.00161986
0.00161986
0.00161986
0.00161986
0.00161986
0.00161986
0.00161986
0.00161986
0.00161986
0.00161986
0.00161986
0.00161986

0.00161986
0.00161986
0.00161986
0.00161986
0.00161986
0.00161986
0.00161986
0.00161986
0.00161986
0.00161986
0.00161986
0.00161986
0.00161986
0.00161986
0.00161986
0.00161986
4.7648
4.26598
4.96102
4.42963
3.67873
3.24085
2.97809
2.70634
2.38351
1.96824
1.25731
0.872492
0.605871
0.417021
0.286043
0.242256
0.173592
0.0868707
0.0605644
0.00161986
0.00161986
0.00161986
0.00161986
0.00161986
0.00161986
0.00161986
0.00161986
0.00161986
0.00161986
0.00161986
0.00161986
0.00161986
0.00161986
0.00161986
0.00161986

0.00161986
0.00161986
0.00161986
0.00161986
0.00161986
0.00161986
0.00161986
0.00161986
0.00161986
0.00161986
0.00161986
0.00161986
0.00161986
0.00161986
4.62017
4.48546
4.52765
3.93171
3.62076
3.47959
2.82051
2.47273
2.20907
1.95868
1.69233
1.38826
1.01984
0.746548
0.541719
0.388966
0.279701
0.210084
0.148329
0.0967771
0.0747289
0.0440668
0.0263251
0.00161986
0.00161986
0.00161986
0.00161986
0.00161986
0.00161986
0.00161986
0.00161986
0.00161986
0.00161986
0.00161986
0.00161986
0.00161986
0.00161986

0.00161986
0.00161986
0.00161986
0.00161986
0.00161986
0.00161986
0.00161986
0.00161986
0.00161986
0.00161986
0.00161986
0.00161986
0.00161986
5.26782
4.1925
3.91676
3.74013
3.11374
2.8025
2.56953
2.23382
1.96109
1.72892
1.51136
1.29271
1.06394
0.827312
0.627913
0.469004
0.345785
0.253298
0.185889
0.132517
0.0917962
0.0647389
0.0414259
0.0271286
0.0221956
0.00161986
0.00161986
0.00161986
0.00161986
0.00161986
0.00161986
0.00161986
0.00161986
0.00161986
0.00161986
0.00161986
0.00161986
0.00161986

0.00161986
0.00161986
0.00161986
0.00161986
0.00161986
0.00161986
0.00161986
0.00161986
0.00161986
0.00161986
0.00161986
0.00161986
5.6996
4.51975
4.14284
3.29431
2.9202
2.54483
2.26366
2.02948
1.7892
1.57124
1.37495
1.19149
1.01355
0.837841
0.668192
0.519279
0.395828
0.297059
0.220278
0.161684
0.116404
0.0822342
0.057512
0.0387958
0.0263895
0.019522
0.0162905
0.00161986
0.00161986
0.00161986
0.00161986
0.00161986
0.00161986
0.00161986
0.00161986
0.00161986
0.00161986
0.00161986
0.00161986

0.00161986
0.00161986
0.00161986
0.00161986
0.00161986
0.00161986
0.00161986
0.00161986
0.00161986
0.00161986
4.47503
4.56836
4.89664
4.29351
3.32999
2.76677
2.40072
2.09891
1.85121
1.63853
1.44162
1.26171
1.09751
0.945156
0.801131
0.664123
0.536295
0.423019
0.327098
0.248647
0.186223
0.137514
0.0998639
0.0713302
0.0502159
0.0347166
0.0240881
0.0175883
0.0147382
0.00805792
0.00418567
0.00161986
0.00161986
0.00161986
0.00161986
0.00161986
0.00161986
0.00161986
0.00161986
0.00161986
0.00161986

0.00161986
0.00161986
0.00161986
0.00161986
0.00161986
0.00161986
0.00161986
0.00161986
0.00161986
4.47488
3.91778
3.87118
3.85951
3.22404
2.70893
2.30591
1.99355
1.73565
1.51847
1.33082
1.16319
1.01209
0.875061
0.749485
0.633247
0.525499
0.427075
0.339979
0.265514
0.203772
0.153893
0.114438
0.0837446
0.0603228
0.0428144
0.0299793
0.0209363
0.0148596
0.0107404
0.0064387
0.00367556
0.00227104
0.00161986
0.00161986
0.00161986
0.00161986
0.00161986
0.00161986
0.00161986
0.00161986
0.00161986

0.00161986
0.00161986
0.00161986
0.00161986
0.00161986
0.00161986
0.00161986
0.00161986
0.00161986
4.56786
3.8709
3.2903
2.99895
2.60615
2.23799
1.92164
1.65737
1.43455
1.24484
1.0811
0.937327
0.809711
0.695489
0.592397
0.498745
0.413667
0.337191
0.2699
0.212212
0.164026
0.12473
0.093356
0.0687795
0.049896
0.035672
0.0251767
0.017636
0.0123388
0.00854234
0.00541603
0.00305103
0.00218642
0.00161986
0.00161986
0.00161986
0.00161986
0.00161986
0.00161986
0.00161986
0.00161986
0.00161986

0.00161986
0.00161986
0.00161986
0.00161986
0.00161986
0.00161986
0.00161986
0.00161986
5.69792
4.89547
3.85875
2.99854
2.5438
2.18341
1.87263
1.60528
1.37764
1.18396
1.01867
0.876645
0.753458
0.645675
0.550627
0.466207
0.390847
0.323568
0.26394
0.211879
0.167318
0.129992
0.0993903
0.0748071
0.0554364
0.0404622
0.0291078
0.0206666
0.0145219
0.0101225
0.00696591
0.00464619
0.00314734
0.00290171
0.00252888
0.00161986
0.00161986
0.00161986
0.00161986
0.00161986
0.00161986
0.00161986
0.00161986

0.00161986
0.00161986
0.00161986
0.00161986
0.00161986
0.00161986
0.00161986
5.26452
4.51734
4.29155
3.22255
2.60513
2.18287
1.85262
1.5772
1.34337
1.14455
0.975585
0.83186
0.709216
0.604001
0.513172
0.434251
0.36526
0.304685
0.251464
0.204928
0.164664
0.130352
0.101625
0.078023
0.0589936
0.0439339
0.0322347
0.0233137
0.0166388
0.0117403
0.00821014
0.00570635
0.00398043
0.00294142
0.00257969
0.00253897
0.00307613
0.00161986
0.00161986
0.00161986
0.00161986
0.00161986
0.00161986
0.00161986

0.00161986
0.00161986
0.00161986
0.00161986
0.00161986
0.00161986
4.61497
4.18791
4.13874
3.32657
2.70625
2.23601
1.87132
1.57653
1.3313
1.12472
0.950163
0.802649
0.677987
0.572498
0.482967
0.406654
0.341282
0.285001
0.236359
0.194268
0.157948
0.126839
0.100496
0.0785082
0.0604496
0.0458681
0.0342972
0.0252758
0.0183678
0.0131773
0.00935906
0.00662558
0.00475264
0.00358772
0.0030512
0.0030813
0.00352448
0.00425642
0.0054788
0.00161986
0.00161986
0.00161986
0.00161986
0.00161986
0.00161986

0.00161986
0.00161986
0.00161986
0.00161986
0.00161986
0.00161986
4.47618
3.9086
3.28726
2.76098
2.30136
1.91822
1.60287
1.34182
1.12396
0.941317
0.788023
0.659436
0.551642
0.46126
0.385364
0.321455
0.267443
0.22161
0.182587
0.149309
0.120971
0.0969584
0.0767845
0.060029
0.0463009
0.0352209
0.0264194
0.0195437
0.0142689
0.0103082
0.0074245
0.005439
0.00423471
0.00375092
0.00395951
0.0048175
0.00620345
0.00787583
0.00994214
0.00161986
0.00161986
0.00161986
0.00161986
0.00161986
0.00161986

0.00161986
0.00161986
0.00161986
0.00161986
0.00161986
4.74975
4.51123
3.72628
2.90862
2.39136
1.98624
1.65187
1.37367
1.14184
0.948488
0.787229
0.65287
0.541085
0.4482
0.371061
0.306965
0.25362
0.209107
0.171848
0.140572
0.114273
0.0921672
0.0736464
0.0582251
0.0454996
0.0351165
0.0267544
0.0201171
0.0149351
0.0109727
0.00803888
0.00600129
0.00479533
0.00442218
0.00492513
0.00634838
0.00868132
0.0118182
0.0156275
0.020587
0.0227756
0.00161986
0.00161986
0.00161986
0.00161986
0.00161986

0.00161986
0.00161986
0.00161986
0.00161986
0.00161986
4.24321
3.90807
3.09255
2.52704
2.08461
1.72455
1.42622
1.17791
0.97136
0.799854
0.657764
0.540319
0.443456
0.36371
0.298126
0.244196
0.199813
0.163224
0.132989
0.107948
0.087172
0.0699318
0.055653
0.0438789
0.0342373
0.0264146
0.0201393
0.0151752
0.0113228
0.00842733
0.00639594
0.00521468
0.00495691
0.00576644
0.00781498
0.0112285
0.0159944
0.0218741
0.0282998
0.0339685
0.0357048
0.00161986
0.00161986
0.00161986
0.00161986
0.00161986

0.00161986
0.00161986
0.00161986
0.00161986
0.00161986
4.91542
3.58311
2.77062
2.23746
1.83038
1.50244
1.23286
1.00998
0.825747
0.673841
0.548977
0.446652
0.363022
0.294816
0.23927
0.19406
0.157254
0.127257
0.10277
0.0827435
0.0663395
0.0528957
0.0418894
0.0329063
0.0256134
0.019738
0.0150548
0.0113825
0.00858895
0.00660771
0.00546297
0.00529132
0.00634193
0.00894651
0.0134405
0.0200376
0.0286944
0.0390177
0.0502907
0.0618356
0.0770044
0.00161986
0.00161986
0.00161986
0.00161986
0.00161986

0.00161986
0.00161986
0.00161986
0.00161986
4.59186
4.36415
3.42504
2.5241
1.99266
1.60958
1.30872
1.06469
0.864781
0.700862
0.566781
0.457483
0.368695
0.296787
0.238691
0.191832
0.154074
0.123653
0.0991306
0.0793399
0.0633454
0.0504021
0.0399211
0.0314384
0.024588
0.0190796
0.0146821
0.0112166
0.00855906
0.00665465
0.00554703
0.0054128
0.00658526
0.00955254
0.0148967
0.0231543
0.0346233
0.0491691
0.0661091
0.084314
0.102961
0.125516
0.117058
0.00161986
0.00161986
0.00161986
0.00161986

0.00161986
0.00161986
0.00161986
0.00161986
3.94488
3.60025
2.74814
2.17259
1.73982
1.40315
1.13407
0.915853
0.738004
0.59314
0.475514
0.380386
0.303753
0.24223
0.192974
0.153616
0.122207
0.0971529
0.0771651
0.0612075
0.0484545
0.0382519
0.0300848
0.0235494
0.0183297
0.0141793
0.0109106
0.00839585
0.00657913
0.00550496
0.00536073
0.00652355
0.00959545
0.0153855
0.0247942
0.0386013
0.057187
0.0802409
0.106511
0.133576
0.157373
0.170173
0.156087
0.00161986
0.00161986
0.00161986
0.00161986

0.00161986
0.00161986
0.00161986
0.00161986
4.15757
3.12777
2.37434
1.88014
1.50718
1.21252
0.975288
0.782805
0.626428
0.49969
0.397407
0.315252
0.249563
0.197248
0.155716
0.122823
0.0968105
0.0762575
0.0600206
0.0471888
0.0370412
0.0290106
0.0226532
0.017624
0.0136565
0.0105496
0.00816393
0.00643333
0.00538968
0.00520598
0.00625789
0.00919326
0.0149701
0.0248028
0.0399888
0.061617
0.0901921
0.12524
0.164947
0.205849
0.242508
0.267375
0.276054
0.00161986
0.00161986
0.00161986
0.00161986

0.00161986
0.00161986
0.00161986
0.00161986
3.96527
2.81471
2.07629
1.62423
1.29445
1.03697
0.830439
0.663209
0.527697
0.418255
0.330325
0.260079
0.20426
0.160111
0.125325
0.0979936
0.0765623
0.0597774
0.0466383
0.0363532
0.0282999
0.0219925
0.0170546
0.0131972
0.0102033
0.00791999
0.00626526
0.00525118
0.00502157
0.00591541
0.00855763
0.0139465
0.0234787
0.0388631
0.0618905
0.0940615
0.136116
0.187533
0.246084
0.307497
0.365214
0.410102
0.433993
0.00161986
0.00161986
0.00161986
0.00161986

0.00161986
0.00161986
0.00161986
0.00161986
3.56502
2.47051
1.78224
1.37936
1.09379
0.87365
0.697728
0.555389
0.440103
0.347117
0.272588
0.213258
0.166328
0.129414
0.10051
0.0779584
0.060408
0.0467724
0.0361884
0.0279768
0.0216075
0.0166706
0.0128527
0.00991932
0.00770431
0.00610972
0.00512484
0.0048598
0.00560024
0.00790073
0.0127008
0.0214192
0.0359702
0.0586498
0.0918544
0.137643
0.197182
0.270159
0.354263
0.444836
0.534683
0.613218
0.666271
0.00161986
0.00161986
0.00161986
0.00161986

0.00161986
0.00161986
0.00161986
0.00161986
2.78418
2.0394
1.45865
1.13115
0.900256
0.720859
0.576213
0.458377
0.362519
0.285035
0.222912
0.173522
0.134558
0.104027
0.0802378
0.0617828
0.0475128
0.0365042
0.0280247
0.0215005
0.0164873
0.0126461
0.00972361
0.00754032
0.00598552
0.00502768
0.00474426
0.00536747
0.00736411
0.0115556
0.0192515
0.0323517
0.0533569
0.0852337
0.131102
0.193754
0.275054
0.37535
0.49302
0.624214
0.762907
0.902461
1.04787
0.00161986
0.00161986
0.00161986
0.00161986

0.00161986
0.00161986
0.00161986
0.00161986
1.80973
1.31475
1.07505
0.879364
0.716398
0.580196
0.466445
0.372007
0.294338
0.231158
0.180335
0.139883
0.10799
0.0830524
0.0636849
0.0487253
0.0372187
0.0283957
0.0216466
0.0164959
0.0125792
0.00962442
0.00743823
0.00589922
0.00496135
0.00467456
0.00522511
0.00699878
0.0106848
0.017416
0.0289176
0.0476144
0.07664
0.119692
0.180704
0.26334
0.37044
0.503661
0.663634
0.850812
1.06656
1.31746
1.81751
0.00161986
0.00161986
0.00161986
0.00161986

0.00161986
0.00161986
0.00161986
0.00161986
1.05575
0.918627
0.789719
0.667902
0.55607
0.456523
0.370105
0.296626
0.235278
0.184895
0.144124
0.111566
0.085863
0.0657715
0.0501948
0.0381984
0.029008
0.0219969
0.0166685
0.0126382
0.00961691
0.00739815
0.00585102
0.00491995
0.00463695
0.00515255
0.00678852
0.0101194
0.0160955
0.0261979
0.0425969
0.0682643
0.106983
0.163197
0.241653
0.346892
0.482803
0.652764
0.861408
1.12071
1.47019
2.05993
2.8073
0.00161986
0.00161986
0.00161986
0.00161986

0.00161986
0.00161986
0.00161986
0.00161986
0.68798
0.643913
0.575316
0.499205
0.42337
0.352203
0.28818
0.232409
0.18507
0.145745
0.113676
0.0879362
0.0675559
0.0516052
0.0392418
0.0297353
0.0224733
0.0169579
0.0127955
0.00968601
0.0074129
0.0058375
0.00489798
0.00461673
0.0051218
0.00668891
0.00980689
0.0152746
0.0243369
0.0388489
0.0614392
0.0956257
0.145821
0.217153
0.315065
0.444766
0.610844
0.817651
1.07162
1.38823
1.81289
2.50633
3.59717
0.00161986
0.00161986
0.00161986
0.00161986

0.00161986
0.00161986
0.00161986
0.00161986
0.46429
0.449552
0.414122
0.367571
0.316968
0.266983
0.220486
0.179033
0.143256
0.113176
0.0884287
0.0684404
0.0525466
0.0400756
0.0303994
0.0229622
0.0172931
0.0130079
0.00980668
0.00746936
0.00585326
0.00489353
0.00460857
0.00511541
0.00666152
0.00967735
0.0148525
0.0232429
0.0364148
0.0566123
0.0869216
0.131381
0.194962
0.283342
0.402439
0.557819
0.754328
0.996539
1.29098
1.65254
2.12423
2.86286
4.00481
0.00161986
0.00161986
0.00161986
0.00161986

0.00161986
0.00161986
0.00161986
0.00161986
0.307387
0.309533
0.294514
0.267112
0.233836
0.199198
0.16596
0.13569
0.109152
0.0865697
0.0678192
0.0525677
0.0403775
0.0307783
0.0233152
0.0175776
0.0132146
0.00994275
0.00754871
0.0058924
0.00491035
0.00462149
0.00513954
0.00669824
0.0096929
0.0147409
0.0227651
0.0351075
0.0536758
0.0811088
0.120932
0.177644
0.256652
0.363982
0.505753
0.687592
0.914377
1.19085
1.52377
1.92703
2.43658
3.18408
4.2002
0.00161986
0.00161986
0.00161986
0.00161986

0.00161986
0.00161986
0.00161986
0.00161986
0.174237
0.210771
0.209186
0.19273
0.1705
0.146534
0.123026
0.10125
0.0818916
0.0652322
0.0512717
0.0398321
0.0306356
0.023363
0.017695
0.013339
0.0100469
0.00762596
0.00594813
0.0049578
0.0046792
0.00522828
0.00683493
0.00987648
0.0149266
0.0228209
0.0347452
0.0523516
0.0779021
0.114424
0.165838
0.237004
0.333588
0.461711
0.6274
0.836099
1.09271
1.40297
1.77706
2.23612
2.81986
3.65575
3.97662
0.00161986
0.00161986
0.00161986
0.00161986

0.00161986
0.00161986
0.00161986
0.00161986
0.133085
0.175623
0.154852
0.13932
0.123132
0.106362
0.0898652
0.0744127
0.0605151
0.0484285
0.0382082
0.0297698
0.0229448
0.0175246
0.0132952
0.0100616
0.00766699
0.00600709
0.00504339
0.00481205
0.00543664
0.00714986
0.0103217
0.0155004
0.0234661
0.0353007
0.0524784
0.0769792
0.111422
0.159196
0.224542
0.312535
0.428887
0.579536
0.770124
1.00563
1.29083
1.63292
2.05023
2.6013
3.49873
4.40025
4.55261
0.00161986
0.00161986
0.00161986
0.00161986

0.00161986
0.00161986
0.00161986
0.00161986
0.00161986
0.12565
0.10864
0.0981625
0.0873648
0.076003
0.064651
0.0538694
0.0440546
0.0354287
0.0280686
0.0219458
0.0169657
0.013002
0.00992606
0.00762945
0.00604502
0.00516314
0.0050425
0.00582235
0.00774443
0.0111782
0.0166546
0.0249147
0.0369682
0.054166
0.0782902
0.111658
0.157229
0.218696
0.300509
0.40778
0.546038
0.720802
0.937111
1.19922
1.51101
1.87808
2.31389
2.85765
3.65451
4.96263
0.00161986
0.00161986
0.00161986
0.00161986
0.00161986

0.00161986
0.00161986
0.00161986
0.00161986
0.00161986
0.0625721
0.0701684
0.0671459
0.0608413
0.0534478
0.0458105
0.0384223
0.0316049
0.0255473
0.0203321
0.0159645
0.012403
0.00958809
0.00746863
0.00602575
0.00529225
0.00536497
0.00641327
0.00869905
0.0125993
0.0186312
0.027498
0.0401467
0.0578306
0.0821864
0.115314
0.159857
0.219073
0.296866
0.397743
0.526668
0.688793
0.88911
1.1321
1.42158
1.76111
2.15611
2.62026
3.18769
3.97906
4.28079
0.00161986
0.00161986
0.00161986
0.00161986
0.00161986

0.00161986
0.00161986
0.00161986
0.00161986
0.00161986
0.042969
0.0532798
0.0466783
0.0419379
0.0370551
0.0319969
0.0270188
0.0223572
0.0181685
0.014534
0.0114827
0.00901828
0.00714722
0.00590538
0.00538054
0.00572645
0.007166
0.0100041
0.0146437
0.0215986
0.0315309
0.045312
0.0640923
0.0893742
0.123084
0.16763
0.225942
0.301495
0.398276
0.520688
0.673371
0.860992
1.08808
1.35899
1.67807
2.05006
2.48334
3.01283
3.82114
4.57417
4.73697
0.00161986
0.00161986
0.00161986
0.00161986
0.00161986

0.00161986
0.00161986
0.00161986
0.00161986
0.00161986
0.00161986
0.031243
0.0296041
0.0279189
0.0252343
0.0220505
0.0187607
0.0156151
0.01276
0.0102778
0.00822164
0.00664724
0.00564349
0.00535968
0.00602325
0.00793975
0.0114947
0.0171562
0.0254686
0.0370677
0.0527355
0.0734834
0.100646
0.135962
0.181627
0.240311
0.315154
0.409732
0.527981
0.67405
0.852136
1.0664
1.32113
1.62155
1.97475
2.38909
2.86709
3.39203
3.98581
4.51761
0.00161986
0.00161986
0.00161986
0.00161986
0.00161986
0.00161986

0.00161986
0.00161986
0.00161986
0.00161986
0.00161986
0.00161986
0.0184463
0.0190191
0.0186614
0.017214
0.0151449
0.0129283
0.0108001
0.00887868
0.00724327
0.00598023
0.00521883
0.00516497
0.00612621
0.00851488
0.0128411
0.0196991
0.029735
0.0436218
0.0620801
0.0859556
0.116341
0.154707
0.202977
0.263556
0.339286
0.4334
0.549458
0.691241
0.862576
1.06718
1.30872
1.5915
1.92306
2.31962
2.81209
3.43918
4.2348
4.24772
4.61338
0.00161986
0.00161986
0.00161986
0.00161986
0.00161986
0.00161986

0.00161986
0.00161986
0.00161986
0.00161986
0.00161986
0.00161986
0.00161986
0.0154169
0.0135756
0.0123541
0.0105731
0.00890502
0.00742672
0.00616534
0.00519058
0.00464272
0.00476382
0.00592979
0.00866463
0.013634
0.0216208
0.0334716
0.0500231
0.0720554
0.100311
0.135604
0.178995
0.23198
0.296571
0.375267
0.470955
0.58683
0.726349
0.89316
1.09088
1.32288
1.59234
1.90286
2.26399
2.70893
3.33712
4.39873
4.59358
5.28135
0.00161986
0.00161986
0.00161986
0.00161986
0.00161986
0.00161986
0.00161986

0.00161986
0.00161986
0.00161986
0.00161986
0.00161986
0.00161986
0.00161986
0.00161986
0.0112639
0.0102418
0.00754917
0.00609409
0.00508039
0.00434217
0.00395999
0.00417526
0.00540178
0.00825095
0.0135414
0.0222765
0.0355855
0.0546212
0.080439
0.113908
0.155709
0.206457
0.266965
0.338552
0.423159
0.523248
0.641613
0.781275
0.945575
1.13832
1.36339
1.6245
1.92486
2.26484
2.64653
3.11087
3.96726
4.98878
5.72545
0.00161986
0.00161986
0.00161986
0.00161986
0.00161986
0.00161986
0.00161986
0.00161986

0.00161986
0.00161986
0.00161986
0.00161986
0.00161986
0.00161986
0.00161986
0.00161986
0.00161986
0.00559409
0.00451626
0.00385844
0.00344042
0.00322431
0.00346781
0.00460471
0.00729359
0.0124575
0.0212999
0.0352508
0.0558674
0.0846986
0.123092
0.172025
0.232015
0.30319
0.385685
0.480315
0.588782
0.713441
0.856906
1.02185
1.21147
1.43058
1.68449
1.97918
2.32254
2.71071
3.11172
3.39406
3.94838
4.61538
0.00161986
0.00161986
0.00161986
0.00161986
0.00161986
0.00161986
0.00161986
0.00161986
0.00161986

0.00161986
0.00161986
0.00161986
0.00161986
0.00161986
0.00161986
0.00161986
0.00161986
0.00161986
0.0028956
0.00256327
0.0022044
0.00248241
0.00275895
0.00369116
0.00597155
0.0105659
0.0187712
0.0322701
0.0530036
0.0830496
0.12452
0.17923
0.248384
0.332254
0.429989
0.54016
0.662588
0.798693
0.950917
1.12182
1.31334
1.52792
1.77349
2.0589
2.39525
2.8163
3.33994
3.96905
3.94908
3.97095
4.48136
0.00161986
0.00161986
0.00161986
0.00161986
0.00161986
0.00161986
0.00161986
0.00161986
0.00161986

0.00161986
0.00161986
0.00161986
0.00161986
0.00161986
0.00161986
0.00161986
0.00161986
0.00161986
0.00161986
0.00161986
0.00168087
0.00256662
0.00297398
0.00460628
0.00825584
0.0152196
0.0271591
0.0463671
0.0753507
0.116774
0.17366
0.248659
0.343533
0.458418
0.590734
0.735379
0.890538
1.05774
1.24042
1.44199
1.66284
1.9004
2.17235
2.49493
2.87516
3.44481
4.40277
4.99188
4.61669
4.48187
0.00161986
0.00161986
0.00161986
0.00161986
0.00161986
0.00161986
0.00161986
0.00161986
0.00161986
0.00161986

0.00161986
0.00161986
0.00161986
0.00161986
0.00161986
0.00161986
0.00161986
0.00161986
0.00161986
0.00161986
0.00161986
0.00161986
0.00283214
0.00365962
0.00607262
0.0112777
0.0210695
0.037192
0.0629497
0.101318
0.155387
0.229966
0.329195
0.456124
0.611617
0.790769
0.978688
1.17156
1.37254
1.58843
1.82723
2.08842
2.34208
2.6406
3.02734
3.40196
4.24179
4.59886
5.72949
0.00161986
0.00161986
0.00161986
0.00161986
0.00161986
0.00161986
0.00161986
0.00161986
0.00161986
0.00161986
0.00161986
0.00161986

0.00161986
0.00161986
0.00161986
0.00161986
0.00161986
0.00161986
0.00161986
0.00161986
0.00161986
0.00161986
0.00161986
0.00161986
0.00161986
0.00525045
0.0078747
0.0145858
0.0278695
0.0478566
0.080842
0.129293
0.195546
0.289052
0.416191
0.582567
0.792847
1.04294
1.28688
1.52226
1.75772
2.00805
2.29793
2.64828
2.89178
3.21188
3.83872
3.99711
4.2558
5.28782
0.00161986
0.00161986
0.00161986
0.00161986
0.00161986
0.00161986
0.00161986
0.00161986
0.00161986
0.00161986
0.00161986
0.00161986
0.00161986

0.00161986
0.00161986
0.00161986
0.00161986
0.00161986
0.00161986
0.00161986
0.00161986
0.00161986
0.00161986
0.00161986
0.00161986
0.00161986
0.00161986
0.0102479
0.0183234
0.0364287
0.0568302
0.0988807
0.158146
0.231289
0.343596
0.502172
0.716968
1.00394
1.38773
1.7073
1.98947
2.2556
2.53358
2.89208
3.55507
3.69429
4.00568
4.59597
4.53027
4.62184
0.00161986
0.00161986
0.00161986
0.00161986
0.00161986
0.00161986
0.00161986
0.00161986
0.00161986
0.00161986
0.00161986
0.00161986
0.00161986
0.00161986

0.00161986
0.00161986
0.00161986
0.00161986
0.00161986
0.00161986
0.00161986
0.00161986
0.00161986
0.00161986
0.00161986
0.00161986
0.00161986
0.00161986
0.00161986
0.00161986
0.0387963
0.0587226
0.122741
0.193174
0.250371
0.382429
0.576189
0.852843
1.25173
1.97601
2.40355
2.73841
3.02163
3.29339
3.73271
4.46911
5.01099
4.30573
4.75638
0.00161986
0.00161986
0.00161986
0.00161986
0.00161986
0.00161986
0.00161986
0.00161986
0.00161986
0.00161986
0.00161986
0.00161986
0.00161986
0.00161986
0.00161986
0.00161986

0.00161986
0.00161986
0.00161986
0.00161986
0.00161986
0.00161986
0.00161986
0.00161986
0.00161986
0.00161986
0.00161986
0.00161986
0.00161986
0.00161986
0.00161986
0.00161986
0.00161986
0.00161986
0.00161986
0.17514
0.227642
0.39739
0.625779
0.996359
1.75099
2.72543
3.50403
3.91887
4.18863
4.31501
4.04321
4.60906
0.00161986
0.00161986
0.00161986
0.00161986
0.00161986
0.00161986
0.00161986
0.00161986
0.00161986
0.00161986
0.00161986
0.00161986
0.00161986
0.00161986
0.00161986
0.00161986
0.00161986
0.00161986
0.00161986

0.00161986
0.00161986
0.00161986
0.00161986
0.00161986
0.00161986
0.00161986
0.00161986
0.00161986
0.00161986
0.00161986
0.00161986
0.00161986
0.00161986
0.00161986
0.00161986
0.00161986
0.00161986
0.00161986
0.00161986
0.00161986
0.00161986
0.00161986
0.00161986
0.00161986
0.00161986
0.00161986
0.00161986
0.00161986
0.00161986
0.00161986
0.00161986
0.00161986
0.00161986
0.00161986
0.00161986
0.00161986
0.00161986
0.00161986
0.00161986
0.00161986
0.00161986
0.00161986
0.00161986
0.00161986
0.00161986
0.00161986
0.00161986
0.00161986
0.00161986
0.00161986

0.00161986
0.00161986
0.00161986
0.00161986
0.00161986
0.00161986
0.00161986
0.00161986
0.00161986
0.00161986
0.00161986
0.00161986
0.00161986
0.00161986
0.00161986
0.00161986
0.00161986
0.00161986
0.00161986
0.00161986
0.00161986
0.00161986
0.00161986
0.00161986
0.00161986
0.00161986
0.00161986
0.00161986
0.00161986
0.00161986
0.00161986
0.00161986
0.00161986
0.00161986
0.00161986
0.00161986
0.00161986
0.00161986
0.00161986
0.00161986
0.00161986
0.00161986
0.00161986
0.00161986
0.00161986
0.00161986
0.00161986
0.00161986
0.00161986
0.00161986
0.00161986

0.00161986
0.00161986
0.00161986
0.00161986
0.00161986
0.00161986
0.00161986
0.00161986
0.00161986
0.00161986
0.00161986
0.00161986
0.00161986
0.00161986
0.00161986
0.00161986
0.00161986
0.00161986
0.00161986
0.00161986
0.00161986
0.00161986
0.00161986
0.00161986
0.00161986
0.00161986
0.00161986
0.00161986
0.00161986
0.00161986
0.00161986
0.00161986
0.00161986
0.00161986
0.00161986
0.00161986
0.00161986
0.00161986
0.00161986
0.00161986
0.00161986
0.00161986
0.00161986
0.00161986
0.00161986
0.00161986
0.00161986
0.00161986
0.00161986
0.00161986
0.00161986

0.00161986
0.00161986
0.00161986
0.00161986
0.00161986
0.00161986
0.00161986
0.00161986
0.00161986
0.00161986
0.00161986
0.00161986
0.00161986
0.00161986
0.00161986
0.00161986
0.00161986
0.00161986
0.00161986
0.00161986
0.00161986
0.00161986
0.00161986
0.00161986
0.00161986
0.00161986
0.00161986
0.00161986
0.00161986
0.00161986
0.00161986
0.00161986
0.00161986
0.00161986
0.00161986
0.00161986
0.00161986
0.00161986
0.00161986
0.00161986
0.00161986
0.00161986
0.00161986
0.00161986
0.00161986
0.00161986
0.00161986
0.00161986
0.00161986
0.00161986
0.00161986

