0.001057
0.001689
0.002440
0.003279
0.004220
0.005289
0.006520
0.007963
0.009683
0.011764
0.014328
0.017543
0.021657
0.027044
0.034288
0.044348
0.058889
0.081012
0.117051
0.181669
0.314597
0.642995
1.628596
4.103134
1.628592
0.642998
0.314607
0.181688
0.117079
0.081049
0.058936
0.044405
0.034355
0.027124
0.021751
0.017652
0.014454
0.011910
0.009851
0.008157
0.006742
0.005542
0.004511
0.003609
0.002810
0.002094
0.001451
0.000909

0.001653
0.002114
0.002750
0.003514
0.004401
0.005426
0.006620
0.008026
0.009704
0.011736
0.014233
0.017355
0.021330
0.026499
0.033384
0.042822
0.056209
0.075981
0.106585
0.156289
0.239609
0.374914
0.563566
1.253381
0.563551
0.374903
0.239604
0.156292
0.106596
0.076002
0.056239
0.042863
0.033435
0.026561
0.021405
0.017444
0.014337
0.011857
0.009844
0.008187
0.006803
0.005633
0.004632
0.003767
0.003014
0.002362
0.001817
0.001422

0.002289
0.002640
0.003170
0.003848
0.004664
0.005628
0.006765
0.008113
0.009726
0.011677
0.014067
0.017037
0.020786
0.025601
0.031907
0.040344
0.051895
0.068071
0.091127
0.124089
0.169960
0.230149
0.315756
0.492859
0.315739
0.230127
0.169940
0.124075
0.091120
0.068072
0.051904
0.040362
0.031934
0.025638
0.020834
0.017096
0.014138
0.011760
0.009823
0.008224
0.006891
0.005766
0.004811
0.003996
0.003303
0.002726
0.002272
0.001971

0.002894
0.003177
0.003625
0.004223
0.004965
0.005860
0.006929
0.008203
0.009731
0.011576
0.013824
0.016595
0.020049
0.024410
0.029992
0.037227
0.046710
0.059218
0.075664
0.096895
0.123408
0.156016
0.199016
0.247029
0.198998
0.155988
0.123377
0.096866
0.075639
0.059199
0.046697
0.037220
0.029992
0.024418
0.020064
0.016617
0.013855
0.011614
0.009777
0.008257
0.006987
0.005920
0.005021
0.004263
0.003632
0.003122
0.002738
0.002496

0.003441
0.003678
0.004065
0.004595
0.005267
0.006091
0.007085
0.008276
0.009705
0.011424
0.013506
0.016044
0.019163
0.023023
0.027836
0.033867
0.041435
0.050888
0.062539
0.076574
0.093056
0.112161
0.133388
0.148406
0.133371
0.112132
0.093019
0.076535
0.062500
0.050852
0.041402
0.033837
0.027810
0.023001
0.019144
0.016030
0.013495
0.011416
0.009698
0.008269
0.007074
0.006073
0.005233
0.004533
0.003960
0.003508
0.003176
0.002973

0.003912
0.004117
0.004457
0.004930
0.005540
0.006295
0.007212
0.008315
0.009636
0.011220
0.013122
0.015414
0.018185
0.021545
0.025626
0.030578
0.036556
0.043695
0.052073
0.061681
0.072406
0.083905
0.094739
0.100392
0.094723
0.083876
0.072367
0.061635
0.052025
0.043645
0.036506
0.030529
0.025577
0.021496
0.018136
0.015364
0.013071
0.011167
0.009579
0.008250
0.007137
0.006203
0.005425
0.004781
0.004260
0.003855
0.003563
0.003387

0.004298
0.004479
0.004781
0.005207
0.005760
0.006451
0.007293
0.008307
0.009519
0.010964
0.012684
0.014731
0.017167
0.020063
0.023496
0.027543
0.032269
0.037713
0.043860
0.050625
0.057804
0.064916
0.070809
0.073366
0.070795
0.064888
0.057765
0.050578
0.043806
0.037655
0.032208
0.027478
0.023428
0.019992
0.017093
0.014652
0.012599
0.010872
0.009417
0.008193
0.007162
0.006298
0.005579
0.004987
0.004512
0.004147
0.003886
0.003730

0.004593
0.004755
0.005027
0.005413
0.005917
0.006548
0.007319
0.008247
0.009353
0.010663
0.012208
0.014025
0.016154
0.018638
0.021520
0.024834
0.028598
0.032804
0.037401
0.042273
0.047199
0.051755
0.055200
0.056547
0.055187
0.051729
0.047162
0.042227
0.037346
0.032743
0.028530
0.024760
0.021440
0.018552
0.016060
0.013923
0.012096
0.010540
0.009216
0.008093
0.007144
0.006347
0.005684
0.005140
0.004705
0.004373
0.004137
0.003997

0.004796
0.004943
0.005190
0.005541
0.006002
0.006580
0.007286
0.008133
0.009139
0.010323
0.011706
0.013314
0.015173
0.017305
0.019731
0.022461
0.025489
0.028785
0.032283
0.035866
0.039334
0.042372
0.044530
0.045325
0.044518
0.042349
0.039300
0.035822
0.032230
0.028723
0.025419
0.022383
0.019644
0.017209
0.015067
0.013198
0.011577
0.010178
0.008978
0.007952
0.007080
0.006346
0.005733
0.005232
0.004832
0.004528
0.004313
0.004185

0.004907
0.005042
0.005269
0.005591
0.006014
0.006545
0.007193
0.007968
0.008883
0.009953
0.011192
0.012617
0.014242
0.016078
0.018132
0.020400
0.022864
0.025485
0.028194
0.030885
0.033396
0.035506
0.036941
0.037453
0.036931
0.035485
0.033366
0.030845
0.028145
0.025426
0.022797
0.020323
0.018045
0.015980
0.014131
0.012493
0.011054
0.009797
0.008708
0.007771
0.006970
0.006292
0.005726
0.005262
0.004892
0.004611
0.004412
0.004295

0.004931
0.005056
0.005266
0.005565
0.005957
0.006448
0.007045
0.007757
0.008592
0.009562
0.010675
0.011942
0.013370
0.014962
0.016716
0.018620
0.020650
0.022764
0.024900
0.026966
0.028838
0.030361
0.031368
0.031720
0.031360
0.030344
0.028812
0.026932
0.024857
0.022712
0.020588
0.018548
0.016633
0.014867
0.013262
0.011820
0.010536
0.009404
0.008414
0.007555
0.006816
0.006188
0.005662
0.005230
0.004886
0.004623
0.004438
0.004328

0.004873
0.004990
0.005187
0.005468
0.005834
0.006292
0.006847
0.007505
0.008273
0.009157
0.010164
0.011299
0.012563
0.013955
0.015467
0.017084
0.018779
0.020513
0.022229
0.023852
0.025288
0.026429
0.027168
0.027422
0.027161
0.026415
0.025267
0.023823
0.022192
0.020468
0.018725
0.017020
0.015392
0.013868
0.012463
0.011184
0.010033
0.009007
0.008101
0.007310
0.006625
0.006039
0.005547
0.005141
0.004816
0.004568
0.004393
0.004290

0.004739
0.004851
0.005039
0.005306
0.005653
0.006086
0.006607
0.007221
0.007933
0.008747
0.009666
0.010691
0.011821
0.013051
0.014370
0.015761
0.017198
0.018643
0.020049
0.021354
0.022487
0.023371
0.023935
0.024128
0.023930
0.023360
0.022470
0.021331
0.020020
0.018607
0.017153
0.015708
0.014307
0.012976
0.011734
0.010589
0.009548
0.008611
0.007777
0.007042
0.006401
0.005850
0.005384
0.004998
0.004688
0.004451
0.004284
0.004184

0.004537
0.004647
0.004829
0.005087
0.005422
0.005837
0.006333
0.006913
0.007581
0.008339
0.009186
0.010122
0.011144
0.012244
0.013409
0.014623
0.015860
0.017086
0.018261
0.019335
0.020253
0.020960
0.021407
0.021559
0.021404
0.020953
0.020242
0.019319
0.018240
0.017059
0.015826
0.014582
0.013360
0.012184
0.011073
0.010039
0.009088
0.008224
0.007448
0.006758
0.006152
0.005628
0.005181
0.004809
0.004509
0.004278
0.004115
0.004017

0.004276
0.004384
0.004566
0.004821
0.005150
0.005553
0.006033
0.006590
0.007225
0.007939
0.008730
0.009596
0.010531
0.011527
0.012571
0.013646
0.014728
0.015788
0.016790
0.017694
0.018458
0.019041
0.019406
0.019530
0.019404
0.019037
0.018452
0.017685
0.016777
0.015771
0.014706
0.013619
0.012537
0.011485
0.010479
0.009533
0.008655
0.007850
0.007120
0.006465
0.005886
0.005380
0.004946
0.004581
0.004285
0.004056
0.003893
0.003795

0.003962
0.004073
0.004258
0.004515
0.004845
0.005246
0.005717
0.006260
0.006872
0.007554
0.008302
0.009113
0.009981
0.010895
0.011845
0.012811
0.013774
0.014706
0.015578
0.016357
0.017009
0.017501
0.017809
0.017913
0.017808
0.017500
0.017006
0.016353
0.015573
0.014699
0.013763
0.012797
0.011826
0.010872
0.009950
0.009074
0.008254
0.007494
0.006799
0.006171
0.005609
0.005114
0.004685
0.004322
0.004024
0.003792
0.003625
0.003525

0.003603
0.003720
0.003913
0.004180
0.004517
0.004923
0.005394
0.005931
0.006530
0.007190
0.007907
0.008677
0.009492
0.010344
0.011219
0.012102
0.012972
0.013807
0.014581
0.015266
0.015836
0.016263
0.016529
0.016620
0.016530
0.016265
0.015838
0.015269
0.014584
0.013809
0.012973
0.012102
0.011217
0.010339
0.009483
0.008663
0.007887
0.007162
0.006493
0.005881
0.005330
0.004838
0.004408
0.004040
0.003734
0.003493
0.003319
0.003213

0.003207
0.003334
0.003542
0.003825
0.004177
0.004595
0.005074
0.005612
0.006206
0.006853
0.007549
0.008289
0.009065
0.009868
0.010687
0.011505
0.012305
0.013066
0.013766
0.014381
0.014889
0.015269
0.015505
0.015585
0.015507
0.015273
0.014895
0.014389
0.013776
0.013077
0.012317
0.011518
0.010700
0.009882
0.009077
0.008300
0.007558
0.006858
0.006206
0.005605
0.005056
0.004562
0.004124
0.003744
0.003424
0.003168
0.002981
0.002866

0.002781
0.002924
0.003154
0.003461
0.003836
0.004273
0.004767
0.005313
0.005908
0.006549
0.007232
0.007951
0.008698
0.009465
0.010241
0.011010
0.011756
0.012461
0.013106
0.013669
0.014132
0.014477
0.014690
0.014763
0.014693
0.014483
0.014142
0.013682
0.013122
0.012481
0.011778
0.011035
0.010269
0.009496
0.008731
0.007986
0.007268
0.006587
0.005945
0.005348
0.004797
0.004295
0.003843
0.003445
0.003104
0.002826
0.002619
0.002490

0.002333
0.002499
0.002761
0.003101
0.003508
0.003970
0.004483
0.005042
0.005644
0.006284
0.006960
0.007665
0.008392
0.009133
0.009876
0.010608
0.011315
0.011979
0.012582
0.013106
0.013536
0.013855
0.014052
0.014120
0.014056
0.013863
0.013549
0.013124
0.012604
0.012005
0.011346
0.010644
0.009917
0.009179
0.008443
0.007721
0.007022
0.006352
0.005716
0.005118
0.004561
0.004046
0.003577
0.003155
0.002786
0.002478
0.002241
0.002091

0.001869
0.002072
0.002378
0.002762
0.003206
0.003699
0.004235
0.004810
0.005421
0.006064
0.006736
0.007433
0.008146
0.008868
0.009589
0.010294
0.010972
0.011605
0.012178
0.012675
0.013080
0.013381
0.013567
0.013631
0.013572
0.013391
0.013096
0.012696
0.012205
0.011638
0.011010
0.010340
0.009641
0.008928
0.008214
0.007509
0.006821
0.006158
0.005524
0.004923
0.004357
0.003828
0.003337
0.002888
0.002485
0.002137
0.001860
0.001677

0.001401
0.001661
0.002029
0.002466
0.002951
0.003475
0.004034
0.004625
0.005245
0.005893
0.006565
0.007257
0.007961
0.008671
0.009376
0.010063
0.010720
0.011333
0.011885
0.012363
0.012751
0.013039
0.013217
0.013279
0.013223
0.013051
0.012769
0.012386
0.011915
0.011370
0.010765
0.010115
0.009436
0.008741
0.008041
0.007348
0.006668
0.006009
0.005375
0.004769
0.004193
0.003649
0.003138
0.002660
0.002220
0.001825
0.001493
0.001258

0.000949
0.001303
0.001747
0.002238
0.002762
0.003313
0.003891
0.004495
0.005123
0.005776
0.006449
0.007138
0.007838
0.008540
0.009235
0.009911
0.010556
0.011155
0.011694
0.012160
0.012538
0.012818
0.012991
0.013051
0.012997
0.012830
0.012557
0.012185
0.011727
0.011195
0.010604
0.009968
0.009301
0.008617
0.007927
0.007240
0.006564
0.005907
0.005272
0.004662
0.004078
0.003522
0.002993
0.002491
0.002016
0.001572
0.001172
0.000853

0.000588
0.001069
0.001580
0.002110
0.002658
0.003226
0.003815
0.004426
0.005060
0.005716
0.006390
0.007078
0.007776
0.008475
0.009165
0.009836
0.010475
0.011067
0.011601
0.012060
0.012434
0.012710
0.012880
0.012940
0.012887
0.012723
0.012453
0.012087
0.011634
0.011109
0.010525
0.009895
0.009235
0.008556
0.007869
0.007185
0.006512
0.005855
0.005218
0.004606
0.004018
0.003454
0.002915
0.002398
0.001901
0.001422
0.000961
0.000529

0.000559
0.001053
0.001570
0.002103
0.002653
0.003222
0.003812
0.004424
0.005058
0.005714
0.006388
0.007078
0.007776
0.008475
0.009165
0.009837
0.010476
0.011069
0.011602
0.012062
0.012436
0.012712
0.012882
0.012942
0.012889
0.012725
0.012455
0.012089
0.011636
0.011111
0.010526
0.009896
0.009235
0.008556
0.007869
0.007185
0.006511
0.005853
0.005217
0.004603
0.004015
0.003451
0.002911
0.002392
0.001894
0.001413
0.000947
0.000503

0.000896
0.001265
0.001720
0.002218
0.002746
0.003300
0.003881
0.004486
0.005117
0.005771
0.006446
0.007136
0.007837
0.008540
0.009236
0.009913
0.010559
0.011159
0.011699
0.012165
0.012543
0.012824
0.012997
0.013057
0.013003
0.012836
0.012562
0.012190
0.011731
0.011199
0.010607
0.009970
0.009303
0.008618
0.007926
0.007238
0.006562
0.005903
0.005266
0.004655
0.004070
0.003512
0.002981
0.002475
0.001996
0.001547
0.001137
0.000805

0.001342
0.001612
0.001990
0.002434
0.002926
0.003455
0.004018
0.004611
0.005235
0.005885
0.006560
0.007253
0.007960
0.008672
0.009378
0.010067
0.010726
0.011339
0.011893
0.012371
0.012761
0.013049
0.013227
0.013289
0.013233
0.013061
0.012778
0.012395
0.011923
0.011376
0.010770
0.010119
0.009439
0.008742
0.008041
0.007345
0.006664
0.006002
0.005366
0.004758
0.004180
0.003633
0.003118
0.002636
0.002190
0.001788
0.001448
0.001205

0.001809
0.002018
0.002333
0.002724
0.003174
0.003673
0.004213
0.004792
0.005407
0.006053
0.006729
0.007428
0.008144
0.008869
0.009592
0.010300
0.010979
0.011614
0.012189
0.012687
0.013093
0.013395
0.013581
0.013645
0.013586
0.013405
0.013109
0.012708
0.012215
0.011647
0.011018
0.010345
0.009644
0.008929
0.008213
0.007505
0.006815
0.006149
0.005513
0.004909
0.004339
0.003806
0.003311
0.002857
0.002449
0.002095
0.001811
0.001623

0.002273
0.002444
0.002711
0.003058
0.003471
0.003939
0.004457
0.005021
0.005627
0.006271
0.006950
0.007659
0.008389
0.009133
0.009880
0.010615
0.011324
0.011990
0.012595
0.013121
0.013552
0.013872
0.014070
0.014138
0.014074
0.013881
0.013565
0.013139
0.012617
0.012016
0.011355
0.010651
0.009921
0.009180
0.008442
0.007717
0.007014
0.006341
0.005702
0.005100
0.004539
0.004021
0.003546
0.003120
0.002746
0.002432
0.002191
0.002037

0.002722
0.002869
0.003103
0.003415
0.003796
0.004239
0.004738
0.005289
0.005888
0.006534
0.007221
0.007943
0.008695
0.009466
0.010245
0.011017
0.011767
0.012475
0.013122
0.013687
0.014151
0.014497
0.014712
0.014785
0.014715
0.014504
0.014161
0.013700
0.013138
0.012494
0.011789
0.011043
0.010273
0.009498
0.008729
0.007980
0.007259
0.006574
0.005929
0.005327
0.004772
0.004266
0.003810
0.003407
0.003061
0.002779
0.002568
0.002436

0.003149
0.003279
0.003491
0.003778
0.004135
0.004558
0.005042
0.005585
0.006184
0.006836
0.007536
0.008280
0.009061
0.009869
0.010691
0.011513
0.012317
0.013081
0.013784
0.014402
0.014912
0.015293
0.015530
0.015611
0.015532
0.015298
0.014918
0.014410
0.013794
0.013093
0.012329
0.011527
0.010705
0.009883
0.009075
0.008293
0.007547
0.006844
0.006187
0.005582
0.005029
0.004531
0.004089
0.003704
0.003380
0.003121
0.002930
0.002813

0.003547
0.003666
0.003862
0.004133
0.004474
0.004884
0.005361
0.005902
0.006506
0.007171
0.007893
0.008667
0.009488
0.010344
0.011224
0.012111
0.012985
0.013824
0.014602
0.015290
0.015862
0.016291
0.016558
0.016649
0.016559
0.016293
0.015864
0.015293
0.014604
0.013827
0.012987
0.012111
0.011222
0.010340
0.009480
0.008655
0.007875
0.007146
0.006472
0.005857
0.005301
0.004805
0.004371
0.003999
0.003690
0.003446
0.003269
0.003162

0.003907
0.004020
0.004208
0.004469
0.004802
0.005207
0.005683
0.006229
0.006847
0.007533
0.008286
0.009102
0.009975
0.010895
0.011849
0.012821
0.013788
0.014724
0.015600
0.016383
0.017037
0.017532
0.017841
0.017946
0.017841
0.017531
0.017035
0.016379
0.015596
0.014717
0.013778
0.012807
0.011832
0.010872
0.009946
0.009066
0.008241
0.007477
0.006777
0.006144
0.005579
0.005080
0.004647
0.004281
0.003980
0.003745
0.003577
0.003475

0.004224
0.004334
0.004518
0.004775
0.005107
0.005514
0.005998
0.006559
0.007199
0.007917
0.008713
0.009584
0.010524
0.011526
0.012576
0.013656
0.014743
0.015807
0.016814
0.017722
0.018490
0.019075
0.019441
0.019566
0.019439
0.019070
0.018483
0.017713
0.016801
0.015791
0.014721
0.013629
0.012542
0.011485
0.010474
0.009523
0.008641
0.007831
0.007096
0.006438
0.005855
0.005345
0.004908
0.004541
0.004242
0.004011
0.003846
0.003748

0.004488
0.004598
0.004783
0.005043
0.005380
0.005798
0.006297
0.006882
0.007554
0.008316
0.009168
0.010109
0.011136
0.012241
0.013413
0.014632
0.015874
0.017106
0.018286
0.019365
0.020287
0.020997
0.021446
0.021598
0.021442
0.020990
0.020275
0.019349
0.018265
0.017080
0.015841
0.014592
0.013364
0.012183
0.011067
0.010027
0.009072
0.008203
0.007423
0.006730
0.006121
0.005593
0.005144
0.004769
0.004467
0.004235
0.004070
0.003972

0.004692
0.004805
0.004995
0.005263
0.005613
0.006047
0.006572
0.007189
0.007905
0.008723
0.009646
0.010676
0.011811
0.013047
0.014372
0.015769
0.017212
0.018664
0.020075
0.021385
0.022522
0.023410
0.023976
0.024170
0.023971
0.023399
0.022506
0.021363
0.020046
0.018628
0.017168
0.015717
0.014310
0.012974
0.011726
0.010576
0.009531
0.008590
0.007751
0.007013
0.006369
0.005816
0.005347
0.004959
0.004648
0.004410
0.004241
0.004141

0.004829
0.004947
0.005145
0.005426
0.005795
0.006255
0.006812
0.007473
0.008244
0.009132
0.010143
0.011282
0.012552
0.013949
0.015468
0.017091
0.018793
0.020533
0.022255
0.023884
0.025325
0.026470
0.027211
0.027467
0.027204
0.026456
0.025304
0.023856
0.022219
0.020488
0.018739
0.017027
0.015394
0.013864
0.012453
0.011169
0.010014
0.008984
0.008075
0.007280
0.006593
0.006005
0.005511
0.005103
0.004777
0.004529
0.004353
0.004249

0.004890
0.005015
0.005226
0.005526
0.005919
0.006411
0.007010
0.007724
0.008563
0.009535
0.010653
0.011924
0.013357
0.014954
0.016714
0.018624
0.020661
0.022783
0.024926
0.026999
0.028877
0.030405
0.031414
0.031767
0.031406
0.030387
0.028851
0.026965
0.024883
0.022731
0.020600
0.018553
0.016632
0.014860
0.013250
0.011803
0.010516
0.009380
0.008387
0.007525
0.006784
0.006155
0.005628
0.005194
0.004849
0.004586
0.004401
0.004291

0.004869
0.005004
0.005231
0.005554
0.005978
0.006510
0.007159
0.007936
0.008853
0.009926
0.011168
0.012596
0.014226
0.016067
0.018127
0.020402
0.022873
0.025501
0.028218
0.030917
0.033435
0.035550
0.036989
0.037502
0.036979
0.035530
0.033405
0.030877
0.028170
0.025443
0.022806
0.020326
0.018041
0.015970
0.014117
0.012474
0.011031
0.009772
0.008680
0.007741
0.006938
0.006259
0.005692
0.005228
0.004858
0.004576
0.004378
0.004260

0.004761
0.004908
0.005156
0.005507
0.005968
0.006546
0.007253
0.008101
0.009109
0.010294
0.011680
0.013292
0.015154
0.017291
0.019722
0.022459
0.025494
0.028798
0.032305
0.035897
0.039373
0.042418
0.044580
0.045377
0.044568
0.042394
0.039339
0.035853
0.032252
0.028737
0.025425
0.022381
0.019636
0.017196
0.015049
0.013176
0.011552
0.010151
0.008949
0.007921
0.007049
0.006314
0.005701
0.005200
0.004800
0.004496
0.004281
0.004154

0.004562
0.004724
0.004996
0.005381
0.005885
0.006516
0.007287
0.008215
0.009322
0.010633
0.012180
0.013999
0.016132
0.018620
0.021507
0.024827
0.028599
0.032813
0.037419
0.042302
0.047237
0.051801
0.055252
0.056601
0.055239
0.051775
0.047200
0.042255
0.037365
0.032752
0.028531
0.024754
0.021428
0.018535
0.016039
0.013898
0.012069
0.010511
0.009186
0.008063
0.007114
0.006316
0.005653
0.005110
0.004675
0.004343
0.004109
0.003969

0.004270
0.004451
0.004753
0.005178
0.005730
0.006420
0.007262
0.008276
0.009488
0.010933
0.012654
0.014703
0.017142
0.020041
0.023478
0.027531
0.032264
0.037716
0.043873
0.050649
0.057839
0.064961
0.070862
0.073421
0.070847
0.064933
0.057801
0.050602
0.043820
0.037658
0.032203
0.027466
0.023411
0.019971
0.017068
0.014625
0.012570
0.010842
0.009387
0.008162
0.007132
0.006268
0.005550
0.004959
0.004485
0.004120
0.003861
0.003705

0.003888
0.004093
0.004432
0.004903
0.005512
0.006266
0.007182
0.008284
0.009604
0.011188
0.013090
0.015383
0.018155
0.021518
0.025603
0.030560
0.036544
0.043691
0.052079
0.061698
0.072437
0.083949
0.094792
0.100448
0.094776
0.083919
0.072397
0.061653
0.052031
0.043641
0.036494
0.030510
0.025554
0.021469
0.018107
0.015334
0.013040
0.011135
0.009547
0.008219
0.007107
0.006175
0.005397
0.004755
0.004235
0.003831
0.003541
0.003365

0.003421
0.003657
0.004043
0.004571
0.005242
0.006064
0.007056
0.008245
0.009672
0.011391
0.013472
0.016011
0.019130
0.022992
0.027807
0.033842
0.041415
0.050876
0.062536
0.076583
0.093079
0.112201
0.133440
0.148463
0.133423
0.112171
0.093043
0.076543
0.062497
0.050839
0.041382
0.033812
0.027781
0.022969
0.019111
0.015996
0.013461
0.011383
0.009665
0.008238
0.007045
0.006045
0.005207
0.004509
0.003938
0.003487
0.003157
0.002954

0.002878
0.003160
0.003606
0.004202
0.004941
0.005834
0.006900
0.008172
0.009698
0.011541
0.013788
0.016558
0.020012
0.024374
0.029957
0.037194
0.046681
0.059195
0.075649
0.096892
0.123419
0.156047
0.199066
0.247088
0.199048
0.156019
0.123388
0.096863
0.075625
0.059176
0.046668
0.037188
0.029957
0.024382
0.020027
0.016581
0.013819
0.011580
0.009744
0.008225
0.006958
0.005893
0.004996
0.004241
0.003612
0.003104
0.002722
0.002481

0.002276
0.002626
0.003154
0.003828
0.004641
0.005603
0.006737
0.008082
0.009693
0.011641
0.014030
0.016998
0.020746
0.025561
0.031866
0.040304
0.051858
0.068038
0.091099
0.124071
0.169955
0.230165
0.315800
0.492918
0.315782
0.230142
0.169935
0.124057
0.091092
0.068038
0.051867
0.040322
0.031894
0.025597
0.020793
0.017057
0.014100
0.011724
0.009789
0.008193
0.006862
0.005740
0.004788
0.003976
0.003286
0.002710
0.002259
0.001959

0.001645
0.002103
0.002736
0.003497
0.004381
0.005402
0.006593
0.007996
0.009671
0.011700
0.014195
0.017314
0.021287
0.026454
0.033339
0.042777
0.056163
0.075937
0.106545
0.156255
0.239584
0.374906
0.563588
1.253440
0.563573
0.374894
0.239579
0.156258
0.106556
0.075958
0.056194
0.042817
0.033390
0.026517
0.021362
0.017403
0.014298
0.011820
0.009810
0.008155
0.006774
0.005608
0.004610
0.003748
0.002998
0.002349
0.001807
0.001414

0.001051
0.001680
0.002427
0.003263
0.004201
0.005265
0.006493
0.007933
0.009649
0.011728
0.014289
0.017501
0.021613
0.026997
0.034239
0.044298
0.058838
0.080960
0.117000
0.181619
0.314553
0.642961
1.628573
4.103193
1.628570
0.642963
0.314563
0.181638
0.117028
0.080997
0.058884
0.044354
0.034307
0.027077
0.021706
0.017610
0.014414
0.011873
0.009816
0.008125
0.006713
0.005517
0.004489
0.003591
0.002795
0.002082
0.001443
0.000903

