0.000000
0.000000
0.000000
0.000000
0.000000
0.000000
0.000000
0.000000
0.000000
0.000000
0.000000
0.000000
0.000000
0.000000
0.000000
0.000000
0.000000
0.000000
0.000000
0.000000
0.000000
0.000000
0.000000
0.000000
0.000000
10.000000
0.000000
0.000000
0.000000
0.000000
0.000000
0.000000
0.000000
0.000000
0.000000
0.000000
0.000000
0.000000
0.000000
0.000000
0.000000
0.000000
0.000000
0.000000
0.000000
0.000000
0.000000
0.000000
0.000000
0.000000
0.000000

0.000000
0.000652
0.001320
0.002021
0.002774
0.003600
0.004523
0.005575
0.006794
0.008228
0.009943
0.012027
0.014600
0.017837
0.021989
0.027441
0.034796
0.045049
0.059930
0.082654
0.119693
0.185356
0.314911
0.605979
1.361842
3.629445
1.361842
0.605979
0.314911
0.185356
0.119693
0.082654
0.059930
0.045049
0.034796
0.027441
0.021989
0.017837
0.014600
0.012027
0.009943
0.008228
0.006794
0.005575
0.004523
0.003600
0.002774
0.002021
0.001320
0.000652
0.000000

0.000000
0.001288
0.002607
0.003991
0.005475
0.007102
0.008918
0.010984
0.013372
0.016176
0.019518
0.023564
0.028538
0.034758
0.042679
0.052979
0.066695
0.085470
0.112016
0.150995
0.210761
0.306820
0.468307
0.747164
1.211944
1.794096
1.211944
0.747164
0.468307
0.306820
0.210760
0.150994
0.112016
0.085469
0.066694
0.052979
0.042678
0.034757
0.028537
0.023563
0.019517
0.016175
0.013371
0.010983
0.008918
0.007101
0.005475
0.003990
0.002607
0.001287
0.000000

0.000000
0.001892
0.003829
0.005859
0.008034
0.010413
0.013064
0.016070
0.019534
0.023584
0.028389
0.034172
0.041230
0.049977
0.060990
0.075102
0.093533
0.118120
0.151669
0.198547
0.265535
0.362857
0.504334
0.702426
0.944676
1.123048
0.944676
0.702426
0.504333
0.362856
0.265535
0.198547
0.151669
0.118119
0.093533
0.075101
0.060989
0.049976
0.041229
0.034171
0.028389
0.023583
0.019533
0.016070
0.013064
0.010413
0.008034
0.005859
0.003829
0.001891
0.000000

0.000000
0.002450
0.004958
0.007583
0.010390
0.013453
0.016855
0.020699
0.025108
0.030238
0.036284
0.043504
0.052234
0.062928
0.076202
0.092904
0.114218
0.141805
0.177995
0.225990
0.289976
0.374737
0.483745
0.613530
0.741285
0.808743
0.741285
0.613529
0.483744
0.374736
0.289976
0.225989
0.177994
0.141804
0.114217
0.092903
0.076201
0.062927
0.052233
0.043502
0.036283
0.030236
0.025107
0.020698
0.016854
0.013452
0.010389
0.007582
0.004957
0.002450
0.000000

0.000000
0.002951
0.005969
0.009124
0.012490
0.016152
0.020205
0.024763
0.029963
0.035974
0.043005
0.051324
0.061274
0.073301
0.087986
0.106094
0.128628
0.156889
0.192514
0.237440
0.293643
0.362370
0.442378
0.526663
0.598190
0.629357
0.598189
0.526663
0.442378
0.362369
0.293642
0.237439
0.192513
0.156887
0.128626
0.106092
0.087984
0.073299
0.061273
0.051322
0.043003
0.035972
0.029962
0.024762
0.020204
0.016151
0.012489
0.009123
0.005969
0.002951
0.000000

0.000000
0.003385
0.006844
0.010453
0.014295
0.018459
0.023049
0.028185
0.034007
0.040688
0.048438
0.057513
0.068238
0.081014
0.096345
0.114857
0.137311
0.164607
0.197732
0.237614
0.284785
0.338721
0.396735
0.452554
0.495454
0.512303
0.495454
0.452554
0.396734
0.338720
0.284784
0.237612
0.197731
0.164606
0.137310
0.114855
0.096343
0.081012
0.068236
0.057511
0.048435
0.040686
0.034005
0.028183
0.023048
0.018458
0.014294
0.010453
0.006844
0.003385
0.000000

0.000000
0.003745
0.007569
0.011551
0.015777
0.020341
0.025348
0.030919
0.037193
0.044335
0.052543
0.062054
0.073150
0.086172
0.101525
0.119677
0.141153
0.166497
0.196192
0.230497
0.269163
0.310993
0.353286
0.391365
0.418768
0.428947
0.418768
0.391364
0.353285
0.310992
0.269161
0.230496
0.196191
0.166495
0.141151
0.119674
0.101522
0.086170
0.073147
0.062051
0.052541
0.044333
0.037190
0.030916
0.025346
0.020339
0.015775
0.011549
0.007568
0.003745
0.000000

0.000000
0.004028
0.008135
0.012404
0.016921
0.021779
0.027083
0.032949
0.039509
0.046916
0.055347
0.065007
0.076135
0.089000
0.103904
0.121172
0.141125
0.164035
0.190043
0.219020
0.250374
0.282802
0.314049
0.340850
0.359306
0.365950
0.359306
0.340849
0.314048
0.282801
0.250373
0.219018
0.190040
0.164033
0.141123
0.121169
0.103901
0.088997
0.076132
0.065004
0.055344
0.046913
0.039506
0.032946
0.027081
0.021777
0.016919
0.012402
0.008134
0.004027
0.000000

0.000000
0.004230
0.008539
0.013008
0.017722
0.022772
0.028257
0.034285
0.040978
0.048472
0.056920
0.066494
0.077382
0.089787
0.103920
0.119982
0.138140
0.158476
0.180923
0.205163
0.230512
0.255791
0.279258
0.298680
0.311656
0.316239
0.311656
0.298679
0.279257
0.255790
0.230510
0.205161
0.180920
0.158473
0.138137
0.119979
0.103916
0.089783
0.077378
0.066490
0.056917
0.048468
0.040974
0.034282
0.028254
0.022770
0.017720
0.013006
0.008538
0.004229
0.000000

0.000000
0.004353
0.008783
0.013367
0.018188
0.023330
0.028886
0.034955
0.041645
0.049073
0.057368
0.066666
0.077111
0.088846
0.102005
0.116697
0.132975
0.150805
0.170007
0.190198
0.210720
0.230592
0.248512
0.262953
0.272399
0.275693
0.272398
0.262952
0.248510
0.230590
0.210717
0.190195
0.170004
0.150802
0.132971
0.116693
0.102001
0.088841
0.077106
0.066662
0.057364
0.049069
0.041641
0.034951
0.028883
0.023327
0.018185
0.013365
0.008781
0.004352
0.000000

0.000000
0.004400
0.008872
0.013491
0.018332
0.023475
0.029003
0.035004
0.041573
0.048808
0.056812
0.065691
0.075549
0.086479
0.098557
0.111823
0.126259
0.141761
0.158103
0.174901
0.191575
0.207343
0.221243
0.232221
0.239291
0.241736
0.239291
0.232220
0.221241
0.207341
0.191572
0.174897
0.158100
0.141757
0.126254
0.111818
0.098552
0.086474
0.075544
0.065686
0.056807
0.048803
0.041568
0.035000
0.028999
0.023471
0.018329
0.013488
0.008870
0.004399
0.000000

0.000000
0.004373
0.008814
0.013391
0.018173
0.023233
0.028645
0.034485
0.040834
0.047772
0.055380
0.063737
0.072913
0.082963
0.093920
0.105778
0.118475
0.131875
0.145743
0.159725
0.173336
0.185962
0.196894
0.205396
0.210809
0.212669
0.210808
0.205394
0.196892
0.185959
0.173333
0.159722
0.145739
0.131870
0.118470
0.105773
0.093915
0.082958
0.072907
0.063731
0.055375
0.047766
0.040829
0.034480
0.028640
0.023229
0.018170
0.013388
0.008812
0.004372
0.000000

0.000000
0.004279
0.008620
0.013085
0.017737
0.022640
0.027858
0.033458
0.039505
0.046065
0.053199
0.060963
0.069401
0.078540
0.088382
0.098892
0.109987
0.121519
0.133267
0.144920
0.156081
0.166273
0.174973
0.181658
0.185877
0.187320
0.185876
0.181657
0.174971
0.166270
0.156077
0.144916
0.133262
0.121514
0.109981
0.098886
0.088376
0.078534
0.069395
0.060957
0.053193
0.046059
0.039499
0.033452
0.027853
0.022635
0.017733
0.013082
0.008618
0.004278
0.000000

0.000000
0.004124
0.008303
0.012593
0.017050
0.021730
0.026689
0.031982
0.037663
0.043783
0.050388
0.057514
0.065187
0.073413
0.082175
0.091421
0.101060
0.110948
0.120884
0.130606
0.139793
0.148076
0.155065
0.160385
0.163720
0.164857
0.163719
0.160384
0.155063
0.148072
0.139789
0.130601
0.120879
0.110942
0.101053
0.091414
0.082168
0.073406
0.065180
0.057507
0.050381
0.043776
0.037656
0.031975
0.026683
0.021725
0.017045
0.012589
0.008300
0.004122
0.000000

0.000000
0.003912
0.007874
0.011933
0.016139
0.020540
0.025184
0.030117
0.035381
0.041016
0.047054
0.053518
0.060419
0.067750
0.075482
0.083556
0.091882
0.100326
0.108713
0.116826
0.124406
0.131170
0.136825
0.141097
0.143760
0.144665
0.143759
0.141095
0.136822
0.131166
0.124402
0.116821
0.108707
0.100319
0.091874
0.083549
0.075474
0.067742
0.060411
0.053509
0.047045
0.041008
0.035373
0.030110
0.025178
0.020535
0.016134
0.011929
0.007871
0.003911
0.000000

0.000000
0.003652
0.007346
0.011126
0.015032
0.019108
0.023391
0.027920
0.032728
0.037844
0.043292
0.049083
0.055219
0.061684
0.068444
0.075439
0.082583
0.089758
0.096816
0.103577
0.109835
0.115371
0.119965
0.123415
0.125556
0.126282
0.125555
0.123412
0.119962
0.115367
0.109830
0.103571
0.096810
0.089751
0.082575
0.075431
0.068435
0.061675
0.055210
0.049074
0.043283
0.037835
0.032719
0.027912
0.023384
0.019101
0.015027
0.011121
0.007343
0.003650
0.000000

0.000000
0.003348
0.006733
0.010191
0.013757
0.017466
0.021351
0.025442
0.029764
0.034341
0.039185
0.044302
0.049688
0.055322
0.061169
0.067171
0.073251
0.079307
0.085214
0.090827
0.095983
0.100512
0.104247
0.107039
0.108765
0.109350
0.108764
0.107036
0.104244
0.100508
0.095978
0.090821
0.085207
0.079299
0.073242
0.067162
0.061159
0.055312
0.049678
0.044292
0.039175
0.034331
0.029755
0.025433
0.021343
0.017459
0.013751
0.010186
0.006730
0.003346
0.000000

0.000000
0.003008
0.006047
0.009147
0.012338
0.015648
0.019105
0.022731
0.026547
0.030568
0.034803
0.039252
0.043907
0.048747
0.053736
0.058823
0.063941
0.069002
0.073905
0.078532
0.082756
0.086444
0.089472
0.091725
0.093115
0.093584
0.093114
0.091722
0.089468
0.086440
0.082750
0.078525
0.073897
0.068994
0.063931
0.058813
0.053725
0.048736
0.043896
0.039241
0.034792
0.030557
0.026537
0.022721
0.019096
0.015641
0.012331
0.009142
0.006043
0.003006
0.000000

0.000000
0.002637
0.005299
0.008011
0.010798
0.013683
0.016687
0.019829
0.023123
0.026579
0.030204
0.033994
0.037940
0.042020
0.046203
0.050443
0.054684
0.058854
0.062870
0.066639
0.070061
0.073036
0.075468
0.077272
0.078382
0.078757
0.078381
0.077269
0.075464
0.073031
0.070054
0.066631
0.062861
0.058844
0.054674
0.050432
0.046191
0.042008
0.037928
0.033982
0.030192
0.026568
0.023112
0.019818
0.016678
0.013675
0.010791
0.008006
0.005295
0.002635
0.000000

0.000000
0.002240
0.004500
0.006800
0.009160
0.011599
0.014132
0.016773
0.019534
0.022422
0.025438
0.028580
0.031836
0.035188
0.038609
0.042061
0.045495
0.048857
0.052079
0.055089
0.057811
0.060168
0.062088
0.063510
0.064383
0.064677
0.064381
0.063507
0.062084
0.060162
0.057804
0.055081
0.052070
0.048847
0.045484
0.042049
0.038597
0.035176
0.031823
0.028567
0.025425
0.022409
0.019522
0.016762
0.014122
0.011590
0.009153
0.006794
0.004495
0.002237
0.000000

0.000000
0.001822
0.003660
0.005528
0.007444
0.009419
0.011466
0.013597
0.015817
0.018133
0.020545
0.023049
0.025634
0.028286
0.030982
0.033692
0.036378
0.038996
0.041497
0.043824
0.045922
0.047733
0.049205
0.050292
0.050959
0.051184
0.050958
0.050289
0.049201
0.047727
0.045915
0.043816
0.041487
0.038986
0.036366
0.033679
0.030969
0.028273
0.025620
0.023035
0.020531
0.018120
0.015805
0.013585
0.011455
0.009409
0.007435
0.005522
0.003655
0.001820
0.000000

0.000000
0.001388
0.002788
0.004210
0.005666
0.007165
0.008717
0.010328
0.012004
0.013747
0.015558
0.017433
0.019364
0.021338
0.023339
0.025344
0.027326
0.029251
0.031085
0.032787
0.034317
0.035635
0.036704
0.037492
0.037975
0.038138
0.037974
0.037489
0.036699
0.035628
0.034309
0.032778
0.031074
0.029240
0.027313
0.025331
0.023325
0.021324
0.019349
0.017418
0.015544
0.013733
0.011990
0.010315
0.008705
0.007155
0.005657
0.004203
0.002783
0.001386
0.000000

0.000000
0.000943
0.001893
0.002857
0.003844
0.004858
0.005906
0.006993
0.008121
0.009292
0.010505
0.011759
0.013047
0.014361
0.015689
0.017017
0.018326
0.019595
0.020801
0.021918
0.022920
0.023782
0.024480
0.024994
0.025309
0.025414
0.025307
0.024991
0.024475
0.023775
0.022912
0.021908
0.020790
0.019583
0.018313
0.017003
0.015674
0.014346
0.013031
0.011743
0.010490
0.009277
0.008106
0.006979
0.005894
0.004847
0.003834
0.002850
0.001887
0.000940
0.000000

0.000000
0.000489
0.000982
0.001482
0.001992
0.002516
0.003056
0.003615
0.004193
0.004792
0.005411
0.006048
0.006702
0.007366
0.008037
0.008705
0.009363
0.010000
0.010603
0.011161
0.011660
0.012089
0.012437
0.012692
0.012848
0.012900
0.012846
0.012688
0.012431
0.012082
0.011652
0.011150
0.010591
0.009987
0.009349
0.008691
0.008021
0.007350
0.006685
0.006032
0.005394
0.004776
0.004178
0.003600
0.003043
0.002505
0.001983
0.001474
0.000977
0.000486
0.000000

0.000000
0.000032
0.000064
0.000095
0.000126
0.000156
0.000186
0.000215
0.000243
0.000269
0.000295
0.000319
0.000342
0.000363
0.000383
0.000402
0.000418
0.000433
0.000447
0.000458
0.000468
0.000475
0.000481
0.000485
0.000487
0.000487
0.000485
0.000481
0.000475
0.000468
0.000458
0.000447
0.000434
0.000420
0.000404
0.000386
0.000367
0.000347
0.000325
0.000302
0.000278
0.000253
0.000227
0.000200
0.000173
0.000145
0.000116
0.000087
0.000058
0.000029
0.000000

0.000000
-0.000425
-0.000855
-0.001292
-0.001740
-0.002204
-0.002685
-0.003186
-0.003709
-0.004254
-0.004822
-0.005411
-0.006019
-0.006641
-0.007272
-0.007904
-0.008528
-0.009135
-0.009711
-0.010247
-0.010727
-0.011141
-0.011476
-0.011724
-0.011876
-0.011928
-0.011878
-0.011728
-0.011482
-0.011149
-0.010737
-0.010258
-0.009724
-0.009149
-0.008543
-0.007920
-0.007289
-0.006659
-0.006037
-0.005429
-0.004840
-0.004271
-0.003725
-0.003201
-0.002699
-0.002216
-0.001751
-0.001300
-0.000860
-0.000428
0.000000

0.000000
-0.000879
-0.001766
-0.002668
-0.003593
-0.004548
-0.005537
-0.006567
-0.007640
-0.008758
-0.009921
-0.011126
-0.012369
-0.013640
-0.014929
-0.016220
-0.017496
-0.018736
-0.019915
-0.021010
-0.021993
-0.022839
-0.023526
-0.024032
-0.024343
-0.024448
-0.024345
-0.024036
-0.023532
-0.022847
-0.022003
-0.021021
-0.019928
-0.018750
-0.017512
-0.016237
-0.014946
-0.013658
-0.012387
-0.011145
-0.009939
-0.008775
-0.007657
-0.006583
-0.005552
-0.004560
-0.003604
-0.002677
-0.001772
-0.000882
0.000000

0.000000
-0.001325
-0.002662
-0.004023
-0.005418
-0.006858
-0.008351
-0.009906
-0.011528
-0.013219
-0.014980
-0.016807
-0.018692
-0.020625
-0.022587
-0.024556
-0.026504
-0.028401
-0.030208
-0.031888
-0.033399
-0.034702
-0.035760
-0.036540
-0.037020
-0.037182
-0.037022
-0.036545
-0.035766
-0.034710
-0.033409
-0.031899
-0.030221
-0.028415
-0.026520
-0.024573
-0.022605
-0.020643
-0.018711
-0.016826
-0.014998
-0.013237
-0.011545
-0.009922
-0.008366
-0.006871
-0.005429
-0.004032
-0.002668
-0.001328
0.000000

0.000000
-0.001760
-0.003536
-0.005344
-0.007199
-0.009116
-0.011106
-0.013181
-0.015348
-0.017612
-0.019975
-0.022431
-0.024973
-0.027583
-0.030241
-0.032915
-0.035569
-0.038158
-0.040633
-0.042938
-0.045017
-0.046814
-0.048275
-0.049354
-0.050018
-0.050242
-0.050020
-0.049359
-0.048281
-0.046822
-0.045028
-0.042950
-0.040646
-0.038173
-0.035585
-0.032932
-0.030259
-0.027602
-0.024992
-0.022451
-0.019994
-0.017631
-0.015366
-0.013198
-0.011121
-0.009129
-0.007211
-0.005353
-0.003542
-0.001763
0.000000

0.000000
-0.002179
-0.004378
-0.006619
-0.008921
-0.011302
-0.013779
-0.016365
-0.019074
-0.021911
-0.024879
-0.027974
-0.031187
-0.034499
-0.037881
-0.041298
-0.044701
-0.048034
-0.051231
-0.054219
-0.056923
-0.059266
-0.061175
-0.062589
-0.063459
-0.063753
-0.063461
-0.062593
-0.061182
-0.059274
-0.056933
-0.054232
-0.051245
-0.048049
-0.044718
-0.041316
-0.037900
-0.034518
-0.031207
-0.027994
-0.024898
-0.021929
-0.019092
-0.016382
-0.013794
-0.011315
-0.008932
-0.006628
-0.004385
-0.002182
0.000000

0.000000
-0.002577
-0.005180
-0.007834
-0.010564
-0.013393
-0.016343
-0.019431
-0.022673
-0.026080
-0.029658
-0.033403
-0.037306
-0.041346
-0.045492
-0.049698
-0.053908
-0.058050
-0.062042
-0.065789
-0.069194
-0.072155
-0.074576
-0.076373
-0.077480
-0.077854
-0.077482
-0.076377
-0.074582
-0.072163
-0.069204
-0.065802
-0.062056
-0.058066
-0.053925
-0.049716
-0.045511
-0.041366
-0.037326
-0.033423
-0.029677
-0.026099
-0.022691
-0.019448
-0.016358
-0.013407
-0.010576
-0.007844
-0.005187
-0.002580
0.000000

0.000000
-0.002950
-0.005932
-0.008975
-0.012110
-0.015366
-0.018769
-0.022344
-0.026110
-0.030082
-0.034271
-0.038677
-0.043291
-0.048092
-0.053045
-0.058099
-0.063186
-0.068221
-0.073100
-0.077707
-0.081913
-0.085588
-0.088605
-0.090851
-0.092237
-0.092707
-0.092240
-0.090855
-0.088611
-0.085596
-0.081923
-0.077719
-0.073114
-0.068237
-0.063203
-0.058117
-0.053064
-0.048111
-0.043311
-0.038697
-0.034291
-0.030101
-0.026128
-0.022361
-0.018785
-0.015380
-0.012122
-0.008984
-0.005938
-0.002953
0.000000

0.000000
-0.003292
-0.006622
-0.010025
-0.013537
-0.017193
-0.021027
-0.025067
-0.029342
-0.033871
-0.038671
-0.043746
-0.049092
-0.054689
-0.060500
-0.066471
-0.072521
-0.078551
-0.084436
-0.090028
-0.095168
-0.099683
-0.103409
-0.106193
-0.107916
-0.108501
-0.107919
-0.106197
-0.103415
-0.099692
-0.095178
-0.090041
-0.084450
-0.078567
-0.072538
-0.066488
-0.060519
-0.054708
-0.049112
-0.043766
-0.038690
-0.033890
-0.029360
-0.025084
-0.021042
-0.017207
-0.013548
-0.010034
-0.006628
-0.003296
0.000000

0.000000
-0.003598
-0.007239
-0.010966
-0.014821
-0.018845
-0.023079
-0.027559
-0.032321
-0.037393
-0.042797
-0.048548
-0.054645
-0.061075
-0.067801
-0.074765
-0.081881
-0.089031
-0.096067
-0.102808
-0.109050
-0.114573
-0.119158
-0.122601
-0.124739
-0.125465
-0.124741
-0.122605
-0.119164
-0.114582
-0.109060
-0.102820
-0.096081
-0.089046
-0.081897
-0.074782
-0.067819
-0.061093
-0.054665
-0.048567
-0.042816
-0.037411
-0.032339
-0.027576
-0.023094
-0.018859
-0.014832
-0.010975
-0.007245
-0.003601
0.000000

0.000000
-0.003861
-0.007771
-0.011780
-0.015936
-0.020289
-0.024886
-0.029772
-0.034992
-0.040584
-0.046581
-0.053006
-0.059870
-0.067167
-0.074866
-0.082911
-0.091210
-0.099630
-0.107996
-0.116091
-0.123656
-0.130407
-0.136052
-0.140318
-0.142978
-0.143883
-0.142980
-0.140322
-0.136059
-0.130415
-0.123666
-0.116103
-0.108010
-0.099645
-0.091226
-0.082929
-0.074884
-0.067185
-0.059889
-0.053025
-0.046599
-0.040602
-0.035009
-0.029788
-0.024901
-0.020302
-0.015948
-0.011789
-0.007777
-0.003864
0.000000

0.000000
-0.004075
-0.008205
-0.012447
-0.016857
-0.021491
-0.026405
-0.031654
-0.037293
-0.043372
-0.049938
-0.057027
-0.064665
-0.072859
-0.081590
-0.090808
-0.100421
-0.110286
-0.120202
-0.129907
-0.139079
-0.147350
-0.154331
-0.159645
-0.162977
-0.164113
-0.162979
-0.159649
-0.154337
-0.147358
-0.139089
-0.129918
-0.120215
-0.110300
-0.100437
-0.090825
-0.081607
-0.072877
-0.064684
-0.057046
-0.049956
-0.043390
-0.037310
-0.031670
-0.026419
-0.021504
-0.016868
-0.012456
-0.008211
-0.004078
0.000000

0.000000
-0.004233
-0.008528
-0.012948
-0.017555
-0.022414
-0.027590
-0.033148
-0.039156
-0.045677
-0.052775
-0.060503
-0.068908
-0.078017
-0.087830
-0.098313
-0.109384
-0.120894
-0.132623
-0.144260
-0.155407
-0.165588
-0.174279
-0.180959
-0.185175
-0.186618
-0.185177
-0.180963
-0.174285
-0.165596
-0.155416
-0.144271
-0.132636
-0.120908
-0.109399
-0.098329
-0.087847
-0.078034
-0.068926
-0.060521
-0.052792
-0.045694
-0.039172
-0.033163
-0.027604
-0.022426
-0.017566
-0.012956
-0.008534
-0.004236
0.000000

0.000000
-0.004330
-0.008728
-0.013262
-0.018003
-0.023022
-0.028394
-0.034195
-0.040506
-0.047408
-0.054982
-0.063306
-0.072451
-0.082472
-0.093402
-0.105235
-0.117909
-0.131289
-0.145139
-0.159106
-0.172704
-0.185319
-0.196243
-0.204740
-0.210150
-0.212010
-0.210152
-0.204744
-0.196249
-0.185327
-0.172713
-0.159117
-0.145151
-0.131302
-0.117924
-0.105250
-0.093418
-0.082489
-0.072468
-0.063323
-0.054999
-0.047425
-0.040522
-0.034210
-0.028407
-0.023034
-0.018013
-0.013270
-0.008733
-0.004333
0.000000

0.000000
-0.004359
-0.008792
-0.013371
-0.018173
-0.023278
-0.028769
-0.034734
-0.041268
-0.048470
-0.056442
-0.065291
-0.075119
-0.086022
-0.098075
-0.111318
-0.125733
-0.141216
-0.157542
-0.174325
-0.190988
-0.206746
-0.220638
-0.231612
-0.238680
-0.241125
-0.238681
-0.231615
-0.220643
-0.206753
-0.190996
-0.174335
-0.157553
-0.141229
-0.125747
-0.111333
-0.098091
-0.086038
-0.075135
-0.065307
-0.056458
-0.048485
-0.041283
-0.034748
-0.028782
-0.023289
-0.018183
-0.013378
-0.008797
-0.004362
0.000000

0.000000
-0.004316
-0.008709
-0.013257
-0.018042
-0.023150
-0.028671
-0.034707
-0.041365
-0.048762
-0.057027
-0.066297
-0.076715
-0.088425
-0.101562
-0.116232
-0.132491
-0.150304
-0.169491
-0.189668
-0.210179
-0.230042
-0.247955
-0.262392
-0.271836
-0.275130
-0.271837
-0.262395
-0.247960
-0.230048
-0.210187
-0.189678
-0.169502
-0.150316
-0.132504
-0.116246
-0.101576
-0.088440
-0.076730
-0.066312
-0.057042
-0.048776
-0.041378
-0.034720
-0.028683
-0.023160
-0.018051
-0.013264
-0.008714
-0.004319
0.000000

0.000000
-0.004196
-0.008472
-0.012908
-0.017590
-0.022608
-0.028061
-0.034059
-0.040723
-0.048189
-0.056610
-0.066159
-0.077022
-0.089405
-0.103516
-0.119560
-0.137700
-0.158020
-0.180453
-0.204681
-0.230020
-0.255291
-0.278752
-0.298169
-0.311144
-0.315726
-0.311145
-0.298172
-0.278756
-0.255297
-0.230028
-0.204690
-0.180462
-0.158031
-0.137711
-0.119572
-0.103530
-0.089418
-0.077036
-0.066172
-0.056624
-0.048202
-0.040735
-0.034071
-0.028072
-0.022617
-0.017598
-0.012914
-0.008476
-0.004199
0.000000

0.000000
-0.003997
-0.008075
-0.012314
-0.016802
-0.021632
-0.026908
-0.032746
-0.039280
-0.046662
-0.055069
-0.064706
-0.075812
-0.088657
-0.103542
-0.120793
-0.140730
-0.163626
-0.189621
-0.218587
-0.249933
-0.282353
-0.313595
-0.340392
-0.358846
-0.365490
-0.358848
-0.340395
-0.313599
-0.282359
-0.249939
-0.218595
-0.189630
-0.163636
-0.140741
-0.120804
-0.103554
-0.088669
-0.075825
-0.064719
-0.055081
-0.046674
-0.039291
-0.032757
-0.026918
-0.021640
-0.016809
-0.012319
-0.008079
-0.003999
0.000000

0.000000
-0.003719
-0.007516
-0.011471
-0.015672
-0.020211
-0.025193
-0.030740
-0.036991
-0.044111
-0.052298
-0.061788
-0.072865
-0.085870
-0.101206
-0.119342
-0.140804
-0.166136
-0.195820
-0.230116
-0.268773
-0.310597
-0.352885
-0.390961
-0.418363
-0.428542
-0.418364
-0.390963
-0.352888
-0.310602
-0.268779
-0.230123
-0.195828
-0.166145
-0.140814
-0.119352
-0.101216
-0.085881
-0.072876
-0.061799
-0.052309
-0.044122
-0.037001
-0.030749
-0.025202
-0.020218
-0.015678
-0.011477
-0.007519
-0.003721
0.000000

0.000000
-0.003362
-0.006798
-0.010385
-0.014204
-0.018347
-0.022916
-0.028030
-0.033833
-0.040495
-0.048226
-0.057284
-0.067992
-0.080753
-0.096070
-0.114568
-0.137011
-0.164296
-0.197411
-0.237285
-0.284449
-0.338379
-0.396389
-0.452206
-0.495104
-0.511953
-0.495105
-0.452208
-0.396392
-0.338383
-0.284454
-0.237291
-0.197418
-0.164304
-0.137019
-0.114577
-0.096079
-0.080763
-0.068002
-0.057294
-0.048235
-0.040504
-0.033842
-0.028039
-0.022923
-0.018354
-0.014210
-0.010390
-0.006802
-0.003364
0.000000

0.000000
-0.002932
-0.005931
-0.009067
-0.012414
-0.016058
-0.020093
-0.024634
-0.029817
-0.035812
-0.042827
-0.051132
-0.061068
-0.073082
-0.087755
-0.105852
-0.128376
-0.156628
-0.192245
-0.237164
-0.293361
-0.362083
-0.442088
-0.526371
-0.597896
-0.629063
-0.597897
-0.526373
-0.442091
-0.362087
-0.293366
-0.237169
-0.192251
-0.156634
-0.128383
-0.105859
-0.087763
-0.073090
-0.061077
-0.051140
-0.042836
-0.035819
-0.029825
-0.024641
-0.020099
-0.016063
-0.012419
-0.009070
-0.005934
-0.002933
0.000000

0.000000
-0.002435
-0.004927
-0.007537
-0.010329
-0.013377
-0.016765
-0.020596
-0.024991
-0.030107
-0.036141
-0.043349
-0.052069
-0.062753
-0.076017
-0.092709
-0.114015
-0.141596
-0.177779
-0.225768
-0.289750
-0.374507
-0.483512
-0.613295
-0.741049
-0.808508
-0.741050
-0.613296
-0.483514
-0.374510
-0.289754
-0.225772
-0.177783
-0.141601
-0.114021
-0.092715
-0.076023
-0.062759
-0.052075
-0.043356
-0.036148
-0.030114
-0.024997
-0.020601
-0.016771
-0.013382
-0.010333
-0.007540
-0.004929
-0.002436
0.000000

0.000000
-0.001880
-0.003806
-0.005825
-0.007989
-0.010356
-0.012997
-0.015992
-0.019446
-0.023486
-0.028282
-0.034056
-0.041106
-0.049844
-0.060850
-0.074955
-0.093381
-0.117962
-0.151507
-0.198381
-0.265365
-0.362684
-0.504159
-0.702249
-0.944498
-1.122870
-0.944499
-0.702250
-0.504160
-0.362686
-0.265368
-0.198384
-0.151510
-0.117966
-0.093385
-0.074960
-0.060855
-0.049849
-0.041111
-0.034061
-0.028287
-0.023491
-0.019450
-0.015997
-0.013001
-0.010360
-0.007991
-0.005827
-0.003807
-0.001881
0.000000

0.000000
-0.001280
-0.002591
-0.003967
-0.005445
-0.007064
-0.008873
-0.010932
-0.013313
-0.016110
-0.019446
-0.023486
-0.028455
-0.034669
-0.042586
-0.052882
-0.066593
-0.085365
-0.111907
-0.150883
-0.210647
-0.306705
-0.468190
-0.747046
-1.211826
-1.793977
-1.211826
-0.747047
-0.468191
-0.306706
-0.210649
-0.150885
-0.111910
-0.085367
-0.066596
-0.052885
-0.042589
-0.034673
-0.028458
-0.023490
-0.019450
-0.016113
-0.013316
-0.010935
-0.008876
-0.007066
-0.005447
-0.003969
-0.002592
-0.001280
0.000000

0.000000
-0.000648
-0.001312
-0.002010
-0.002759
-0.003581
-0.004501
-0.005549
-0.006764
-0.008195
-0.009907
-0.011988
-0.014559
-0.017793
-0.021943
-0.027392
-0.034745
-0.044996
-0.059876
-0.082599
-0.119636
-0.185298
-0.314852
-0.605920
-1.361783
-3.629386
-1.361783
-0.605921
-0.314853
-0.185299
-0.119637
-0.082600
-0.059877
-0.044998
-0.034747
-0.027394
-0.021944
-0.017794
-0.014561
-0.011990
-0.009909
-0.008197
-0.006766
-0.005551
-0.004502
-0.003582
-0.002760
-0.002010
-0.001313
-0.000648
0.000000

0.000000
0.000000
0.000000
0.000000
0.000000
0.000000
0.000000
0.000000
0.000000
0.000000
0.000000
0.000000
0.000000
0.000000
0.000000
0.000000
0.000000
0.000000
0.000000
0.000000
0.000000
0.000000
0.000000
0.000000
0.000000
-10.000000
0.000000
0.000000
0.000000
0.000000
0.000000
0.000000
0.000000
0.000000
0.000000
0.000000
0.000000
0.000000
0.000000
0.000000
0.000000
0.000000
0.000000
0.000000
0.000000
0.000000
0.000000
0.000000
0.000000
0.000000
0.000000

