4.503e-07
4.503e-07
4.503e-07
4.503e-07
4.503e-07
4.503e-07
4.503e-07
4.503e-07
4.503e-07
4.503e-07
4.503e-07
4.503e-07
4.503e-07
4.503e-07
4.503e-07
4.503e-07
4.503e-07
4.503e-07
4.503e-07
4.503e-07
4.503e-07
4.503e-07
4.503e-07
4.503e-07
4.503e-07
4.503e-07
4.503e-07
4.503e-07
4.503e-07
4.503e-07
4.503e-07
4.503e-07
4.503e-07
4.503e-07
4.503e-07
4.503e-07
4.503e-07
4.503e-07
4.503e-07
4.503e-07
4.503e-07
4.503e-07
4.503e-07
4.503e-07
4.503e-07
4.503e-07
4.503e-07
4.503e-07
4.503e-07
4.503e-07
4.503e-07

4.503e-07
4.503e-07
4.503e-07
4.503e-07
4.503e-07
4.503e-07
4.503e-07
4.503e-07
4.503e-07
4.503e-07
4.503e-07
4.503e-07
4.503e-07
4.503e-07
4.503e-07
4.503e-07
4.503e-07
4.503e-07
4.503e-07
4.503e-07
4.503e-07
4.503e-07
4.503e-07
4.503e-07
4.503e-07
4.503e-07
4.503e-07
4.503e-07
4.503e-07
4.503e-07
4.503e-07
4.503e-07
4.503e-07
4.503e-07
4.503e-07
4.503e-07
4.503e-07
4.503e-07
4.503e-07
4.503e-07
4.503e-07
4.503e-07
4.503e-07
4.503e-07
4.503e-07
4.503e-07
4.503e-07
4.503e-07
4.503e-07
4.503e-07
4.503e-07

4.503e-07
4.503e-07
4.503e-07
4.503e-07
4.503e-07
4.503e-07
4.503e-07
4.503e-07
4.503e-07
4.503e-07
4.503e-07
4.503e-07
4.503e-07
4.503e-07
4.503e-07
4.503e-07
4.503e-07
4.503e-07
4.503e-07
4.503e-07
4.503e-07
4.503e-07
4.503e-07
4.503e-07
4.503e-07
4.503e-07
4.503e-07
4.503e-07
4.503e-07
4.503e-07
4.503e-07
4.503e-07
4.503e-07
4.503e-07
4.503e-07
4.503e-07
4.503e-07
4.503e-07
4.503e-07
4.503e-07
4.503e-07
4.503e-07
4.503e-07
4.503e-07
4.503e-07
4.503e-07
4.503e-07
4.503e-07
4.503e-07
4.503e-07
4.503e-07

4.503e-07
4.503e-07
4.503e-07
4.503e-07
4.503e-07
4.503e-07
4.503e-07
4.503e-07
4.503e-07
4.503e-07
4.503e-07
4.503e-07
4.503e-07
4.503e-07
4.503e-07
4.503e-07
4.503e-07
4.503e-07
4.503e-07
4.503e-07
4.503e-07
4.503e-07
4.503e-07
4.503e-07
4.503e-07
4.503e-07
4.503e-07
4.503e-07
4.503e-07
4.503e-07
4.503e-07
4.503e-07
4.503e-07
4.503e-07
4.503e-07
4.503e-07
4.503e-07
4.503e-07
4.503e-07
4.503e-07
4.503e-07
4.503e-07
4.503e-07
4.503e-07
4.503e-07
4.503e-07
4.503e-07
4.503e-07
4.503e-07
4.503e-07
4.503e-07

4.503e-07
4.503e-07
4.503e-07
4.503e-07
4.503e-07
4.503e-07
4.503e-07
4.503e-07
4.503e-07
4.503e-07
4.503e-07
4.503e-07
4.503e-07
4.503e-07
4.503e-07
4.503e-07
4.503e-07
4.503e-07
4.503e-07
0.000289875
0.00151282
0.00315132
0.00782283
0.0144261
0.0198349
0.0226336
0.0212808
0.0126084
0.00365757
0.000957649
0.000643166
0.000308159
4.503e-07
4.503e-07
4.503e-07
4.503e-07
4.503e-07
4.503e-07
4.503e-07
4.503e-07
4.503e-07
4.503e-07
4.503e-07
4.503e-07
4.503e-07
4.503e-07
4.503e-07
4.503e-07
4.503e-07
4.503e-07
4.503e-07

4.503e-07
4.503e-07
4.503e-07
4.503e-07
4.503e-07
4.503e-07
4.503e-07
4.503e-07
4.503e-07
4.503e-07
4.503e-07
4.503e-07
4.503e-07
4.503e-07
4.503e-07
4.503e-07
0.000106838
0.00056033
0.000617768
0.000801548
0.00474576
0.0124684
0.0270854
0.0450549
0.0591855
0.0660829
0.0615636
0.0393857
0.0146802
0.00433529
0.00139368
0.000209452
0.000108928
0.000139674
5.19471e-05
4.503e-07
4.503e-07
4.503e-07
4.503e-07
4.503e-07
4.503e-07
4.503e-07
4.503e-07
4.503e-07
4.503e-07
4.503e-07
4.503e-07
4.503e-07
4.503e-07
4.503e-07
4.503e-07

4.503e-07
4.503e-07
4.503e-07
4.503e-07
4.503e-07
4.503e-07
4.503e-07
4.503e-07
4.503e-07
4.503e-07
4.503e-07
4.503e-07
4.503e-07
4.503e-07
7.48512e-05
0.000188986
0.000201868
0.00173006
0.00556365
0.0105082
0.0316014
0.0748372
0.134066
0.188977
0.225633
0.242034
0.232348
0.18059
0.098162
0.0372025
0.0115629
0.0032081
0.00113556
0.000255845
2.53947e-05
2.49733e-05
2.29815e-05
4.503e-07
4.503e-07
4.503e-07
4.503e-07
4.503e-07
4.503e-07
4.503e-07
4.503e-07
4.503e-07
4.503e-07
4.503e-07
4.503e-07
4.503e-07
4.503e-07

4.503e-07
4.503e-07
4.503e-07
4.503e-07
4.503e-07
4.503e-07
4.503e-07
4.503e-07
4.503e-07
4.503e-07
4.503e-07
4.503e-07
4.503e-07
6.37705e-05
0.000215166
0.00089917
0.00247013
0.0124977
0.0447124
0.105624
0.217419
0.352425
0.463422
0.53421
0.572633
0.588746
0.582452
0.538111
0.433329
0.277868
0.136746
0.0519602
0.0140057
0.00213605
0.000268918
7.54545e-05
2.94237e-05
1.16531e-05
4.503e-07
4.503e-07
4.503e-07
4.503e-07
4.503e-07
4.503e-07
4.503e-07
4.503e-07
4.503e-07
4.503e-07
4.503e-07
4.503e-07
4.503e-07

4.503e-07
4.503e-07
4.503e-07
4.503e-07
4.503e-07
4.503e-07
4.503e-07
4.503e-07
4.503e-07
4.503e-07
4.503e-07
4.503e-07
6.65994e-05
0.000285526
0.00109856
0.00615522
0.0280756
0.106188
0.26177
0.436528
0.585395
0.686661
0.746118
0.778413
0.794954
0.802067
0.800825
0.786295
0.747288
0.669121
0.542183
0.364109
0.16027
0.03421
0.00406943
0.000470857
9.20295e-05
4.50033e-05
1.22765e-05
4.503e-07
4.503e-07
4.503e-07
4.503e-07
4.503e-07
4.503e-07
4.503e-07
4.503e-07
4.503e-07
4.503e-07
4.503e-07
4.503e-07

4.503e-07
4.503e-07
4.503e-07
4.503e-07
4.503e-07
4.503e-07
4.503e-07
4.503e-07
4.503e-07
4.503e-07
5.21033e-05
0.000149047
0.000183534
0.00162253
0.0102722
0.0543979
0.190088
0.412583
0.607444
0.727102
0.795982
0.835433
0.857662
0.869855
0.876266
0.879199
0.87923
0.875072
0.863607
0.840464
0.799728
0.7249
0.566524
0.284103
0.0636276
0.00788115
0.00099065
0.000153915
1.33201e-05
1.11026e-05
1.10963e-05
4.503e-07
4.503e-07
4.503e-07
4.503e-07
4.503e-07
4.503e-07
4.503e-07
4.503e-07
4.503e-07
4.503e-07

4.503e-07
4.503e-07
4.503e-07
4.503e-07
4.503e-07
4.503e-07
4.503e-07
4.503e-07
4.503e-07
5.21033e-05
0.000130283
0.000624228
0.00236709
0.0157774
0.0833128
0.272058
0.520198
0.698978
0.795778
0.845667
0.87285
0.888412
0.897414
0.902517
0.905294
0.906639
0.90685
0.905574
0.901874
0.894511
0.881804
0.858479
0.806005
0.673044
0.391896
0.112798
0.0177403
0.00187613
0.000150747
3.22249e-05
1.90058e-05
1.89672e-05
4.503e-07
4.503e-07
4.503e-07
4.503e-07
4.503e-07
4.503e-07
4.503e-07
4.503e-07
4.503e-07

4.503e-07
4.503e-07
4.503e-07
4.503e-07
4.503e-07
4.503e-07
4.503e-07
4.503e-07
4.503e-07
0.000149047
0.000624228
0.0033996
0.0216437
0.111926
0.337631
0.589275
0.747662
0.828369
0.868831
0.89004
0.901844
0.908709
0.912751
0.915092
0.916398
0.91706
0.917237
0.916838
0.915557
0.912986
0.908566
0.90056
0.88321
0.840831
0.734657
0.500422
0.187112
0.0275663
0.00191886
0.000157262
4.20276e-05
2.26871e-05
4.503e-07
4.503e-07
4.503e-07
4.503e-07
4.503e-07
4.503e-07
4.503e-07
4.503e-07
4.503e-07

4.503e-07
4.503e-07
4.503e-07
4.503e-07
4.503e-07
4.503e-07
4.503e-07
4.503e-07
6.65994e-05
0.000183534
0.00236709
0.0216437
0.125846
0.378273
0.630633
0.775181
0.84552
0.880307
0.898404
0.908255
0.913841
0.917107
0.919037
0.920168
0.92081
0.921148
0.921265
0.921146
0.92069
0.919753
0.918126
0.915174
0.908901
0.894371
0.860479
0.779869
0.580118
0.219345
0.0243924
0.00134832
9.67823e-05
1.0207e-05
4.46658e-06
4.503e-07
4.503e-07
4.503e-07
4.503e-07
4.503e-07
4.503e-07
4.503e-07
4.503e-07

4.503e-07
4.503e-07
4.503e-07
4.503e-07
4.503e-07
4.503e-07
4.503e-07
6.37705e-05
0.000285526
0.00162253
0.0157774
0.111926
0.378273
0.645151
0.788634
0.854784
0.886491
0.902732
0.911475
0.91634
0.919118
0.920739
0.921698
0.922264
0.922592
0.922769
0.922841
0.922809
0.922642
0.922288
0.921669
0.920547
0.918186
0.912843
0.900943
0.873948
0.803245
0.590112
0.185183
0.0160407
0.000872453
6.20278e-05
1.24638e-05
4.05301e-06
4.503e-07
4.503e-07
4.503e-07
4.503e-07
4.503e-07
4.503e-07
4.503e-07

4.503e-07
4.503e-07
4.503e-07
4.503e-07
4.503e-07
4.503e-07
7.48512e-05
0.000215166
0.00109856
0.0102722
0.0833128
0.337631
0.630633
0.788634
0.857852
0.889426
0.904996
0.913159
0.917611
0.920103
0.921528
0.92236
0.922855
0.923151
0.923327
0.923425
0.923468
0.923461
0.923394
0.92325
0.923
0.922556
0.921648
0.919632
0.915204
0.905264
0.879672
0.800391
0.545205
0.136752
0.00919568
0.00039266
3.58484e-05
1.53635e-05
8.70073e-06
4.503e-07
4.503e-07
4.503e-07
4.503e-07
4.503e-07
4.503e-07

4.503e-07
4.503e-07
4.503e-07
4.503e-07
4.503e-07
4.503e-07
0.000188986
0.00089917
0.00615522
0.0543979
0.272058
0.589275
0.775181
0.854784
0.889426
0.905732
0.91393
0.918248
0.920599
0.921913
0.922666
0.92311
0.923378
0.923544
0.923646
0.923706
0.923733
0.923732
0.9237
0.923631
0.923516
0.923321
0.922953
0.922174
0.920491
0.916673
0.906736
0.877267
0.780501
0.472446
0.0844859
0.00458115
0.000195633
1.99472e-05
6.99331e-06
4.503e-07
4.503e-07
4.503e-07
4.503e-07
4.503e-07
4.503e-07

4.503e-07
4.503e-07
4.503e-07
4.503e-07
4.503e-07
0.000106838
0.000201868
0.00247013
0.0280756
0.190088
0.520198
0.747662
0.84552
0.886491
0.904996
0.91393
0.918449
0.920817
0.922097
0.922812
0.923227
0.923477
0.923634
0.923736
0.923801
0.923841
0.92386
0.923861
0.923842
0.923801
0.923736
0.923634
0.923463
0.92314
0.92248
0.920993
0.917054
0.905434
0.868919
0.743534
0.372457
0.0385624
0.00086014
2.34185e-05
4.0918e-06
1.31887e-05
4.503e-07
4.503e-07
4.503e-07
4.503e-07
4.503e-07

4.503e-07
4.503e-07
4.503e-07
4.503e-07
4.503e-07
0.00056033
0.00173006
0.0124977
0.106188
0.412583
0.698978
0.828369
0.880307
0.902732
0.913159
0.918248
0.920817
0.922153
0.922873
0.92328
0.923521
0.923673
0.923774
0.923843
0.923889
0.923918
0.923933
0.923934
0.923921
0.923893
0.923848
0.923783
0.923686
0.923529
0.923245
0.922647
0.921086
0.916413
0.901816
0.854677
0.675072
0.184422
0.00662941
0.000199046
3.65842e-05
4.28938e-05
4.503e-07
4.503e-07
4.503e-07
4.503e-07
4.503e-07

4.503e-07
4.503e-07
4.503e-07
4.503e-07
4.503e-07
0.000617768
0.00556365
0.0447124
0.26177
0.607444
0.795778
0.868831
0.898404
0.911475
0.917611
0.920599
0.922097
0.922873
0.923295
0.923539
0.92369
0.923791
0.923861
0.923911
0.923947
0.92397
0.923982
0.923983
0.923974
0.923953
0.923919
0.923871
0.923804
0.923709
0.923563
0.923297
0.922665
0.920793
0.914864
0.894747
0.810501
0.453496
0.045634
0.00132449
6.38988e-05
7.74544e-06
4.503e-07
4.503e-07
4.503e-07
4.503e-07
4.503e-07

4.503e-07
4.503e-07
4.503e-07
4.503e-07
0.000289875
0.000801548
0.0105082
0.105624
0.436528
0.727102
0.845667
0.89004
0.908255
0.91634
0.920103
0.921913
0.922812
0.92328
0.923539
0.923695
0.923797
0.923869
0.923922
0.923961
0.923989
0.924008
0.924019
0.92402
0.924013
0.923997
0.92397
0.923932
0.923881
0.923813
0.92372
0.923578
0.923297
0.922539
0.920038
0.910284
0.868883
0.680299
0.163928
0.00433048
7.82568e-05
7.57996e-06
2.11688e-05
4.503e-07
4.503e-07
4.503e-07
4.503e-07

4.503e-07
4.503e-07
4.503e-07
4.503e-07
0.00151282
0.00474576
0.0316014
0.217419
0.585395
0.795982
0.87285
0.901844
0.913841
0.919118
0.921528
0.922666
0.923227
0.923521
0.92369
0.923797
0.923871
0.923926
0.923967
0.923999
0.924022
0.924038
0.924047
0.924049
0.924044
0.924031
0.92401
0.92398
0.923939
0.923886
0.923816
0.923723
0.923574
0.923244
0.922149
0.917342
0.896787
0.802848
0.370726
0.0159158
0.000270827
4.20662e-05
8.91527e-05
4.503e-07
4.503e-07
4.503e-07
4.503e-07

4.503e-07
4.503e-07
4.503e-07
4.503e-07
0.00315132
0.0124684
0.0748372
0.352425
0.686661
0.835433
0.888412
0.908709
0.917107
0.920739
0.92236
0.92311
0.923477
0.923673
0.923791
0.923869
0.923926
0.923969
0.924003
0.924029
0.924048
0.924062
0.92407
0.924072
0.924068
0.924058
0.924042
0.924017
0.923984
0.923941
0.923886
0.923814
0.923716
0.923547
0.923047
0.920774
0.910395
0.858142
0.551073
0.0434021
0.000810072
8.59208e-05
8.47763e-05
4.503e-07
4.503e-07
4.503e-07
4.503e-07

4.503e-07
4.503e-07
4.503e-07
4.503e-07
0.00782283
0.0270854
0.134066
0.463422
0.746118
0.857662
0.897414
0.912751
0.919037
0.921698
0.922855
0.923378
0.923634
0.923774
0.923861
0.923922
0.923967
0.924003
0.924031
0.924052
0.924069
0.92408
0.924087
0.924089
0.924087
0.924079
0.924067
0.924047
0.924021
0.923985
0.923939
0.923881
0.923805
0.923697
0.923447
0.922417
0.916874
0.882545
0.653145
0.0808135
0.00182038
0.000185429
0.000154361
4.503e-07
4.503e-07
4.503e-07
4.503e-07

4.503e-07
4.503e-07
4.503e-07
4.503e-07
0.0144261
0.0450549
0.188977
0.53421
0.778413
0.869855
0.902517
0.915092
0.920168
0.922264
0.923151
0.923544
0.923736
0.923843
0.923911
0.923961
0.923999
0.924029
0.924052
0.924071
0.924085
0.924095
0.9241
0.924103
0.924101
0.924096
0.924086
0.924071
0.924049
0.92402
0.923981
0.923931
0.923868
0.923784
0.923638
0.923169
0.919812
0.893217
0.70134
0.111754
0.0029193
0.000312151
0.000256324
4.503e-07
4.503e-07
4.503e-07
4.503e-07

4.503e-07
4.503e-07
4.503e-07
4.503e-07
0.0198349
0.0591855
0.225633
0.572633
0.794954
0.876266
0.905294
0.916398
0.92081
0.922592
0.923327
0.923646
0.923801
0.923889
0.923947
0.923989
0.924022
0.924048
0.924069
0.924085
0.924097
0.924105
0.924111
0.924113
0.924112
0.924108
0.924101
0.924089
0.924071
0.924046
0.924013
0.923969
0.923912
0.92384
0.923735
0.9235
0.921071
0.897745
0.722441
0.130068
0.00370281
0.000413643
0.000344543
4.503e-07
4.503e-07
4.503e-07
4.503e-07

4.503e-07
4.503e-07
4.503e-07
4.503e-07
0.0226336
0.0660829
0.242034
0.588746
0.802067
0.879199
0.906639
0.91706
0.921148
0.922769
0.923425
0.923706
0.923841
0.923918
0.92397
0.924008
0.924038
0.924062
0.92408
0.924095
0.924105
0.924113
0.924118
0.92412
0.92412
0.924117
0.924111
0.924101
0.924086
0.924065
0.924035
0.923995
0.923942
0.923875
0.923786
0.92364
0.921578
0.899576
0.731185
0.138917
0.00412698
0.000469505
0.000393459
4.503e-07
4.503e-07
4.503e-07
4.503e-07

4.503e-07
4.503e-07
4.503e-07
4.503e-07
0.0212808
0.0615636
0.232348
0.582452
0.800825
0.87923
0.90685
0.917237
0.921265
0.922841
0.923468
0.923733
0.92386
0.923933
0.923982
0.924019
0.924047
0.92407
0.924087
0.9241
0.924111
0.924118
0.924123
0.924125
0.924126
0.924124
0.924118
0.92411
0.924096
0.924076
0.924048
0.924009
0.923958
0.923891
0.923806
0.923691
0.921764
0.900267
0.734593
0.142673
0.00414826
0.000447885
0.000363426
4.503e-07
4.503e-07
4.503e-07
4.503e-07

4.503e-07
4.503e-07
4.503e-07
4.503e-07
0.0126084
0.0393857
0.18059
0.538111
0.786295
0.875072
0.905574
0.916838
0.921146
0.922809
0.923461
0.923732
0.923861
0.923934
0.923983
0.92402
0.924049
0.924072
0.924089
0.924103
0.924113
0.92412
0.924125
0.924128
0.924129
0.924127
0.924122
0.924113
0.9241
0.924079
0.924051
0.924011
0.923958
0.923889
0.923802
0.923694
0.921811
0.900489
0.735794
0.133415
0.00306822
0.000279168
0.000216058
4.503e-07
4.503e-07
4.503e-07
4.503e-07

4.503e-07
4.503e-07
4.503e-07
4.503e-07
0.00365757
0.0146802
0.098162
0.433329
0.747288
0.863607
0.901874
0.915557
0.92069
0.922642
0.923394
0.9237
0.923842
0.923921
0.923974
0.924013
0.924044
0.924068
0.924087
0.924101
0.924112
0.92412
0.924126
0.924129
0.92413
0.924128
0.924122
0.924112
0.924097
0.924075
0.924043
0.924
0.923942
0.923868
0.923776
0.923665
0.92179
0.900514
0.713544
0.0841176
0.00115125
9.42672e-05
8.16511e-05
4.503e-07
4.503e-07
4.503e-07
4.503e-07

4.503e-07
4.503e-07
4.503e-07
4.503e-07
0.000957649
0.00433529
0.0372025
0.277868
0.669121
0.840464
0.894511
0.912986
0.919753
0.922288
0.92325
0.923631
0.923801
0.923893
0.923953
0.923997
0.924031
0.924058
0.924079
0.924096
0.924108
0.924117
0.924124
0.924127
0.924128
0.924125
0.924118
0.924106
0.924088
0.924062
0.924025
0.923975
0.92391
0.923827
0.923726
0.923606
0.921727
0.892137
0.59875
0.0264384
0.000259309
3.22631e-05
4.64476e-05
4.503e-07
4.503e-07
4.503e-07
4.503e-07

4.503e-07
4.503e-07
4.503e-07
4.503e-07
0.000643166
0.00139368
0.0115629
0.136746
0.542183
0.799728
0.881804
0.908566
0.918126
0.921669
0.923
0.923516
0.923736
0.923848
0.923919
0.92397
0.92401
0.924042
0.924067
0.924086
0.924101
0.924111
0.924118
0.924122
0.924122
0.924118
0.924109
0.924094
0.924071
0.924039
0.923994
0.923935
0.923859
0.923765
0.923652
0.923522
0.918635
0.859281
0.358023
0.00551556
7.41657e-05
2.37804e-05
0.000116744
4.503e-07
4.503e-07
4.503e-07
4.503e-07

4.503e-07
4.503e-07
4.503e-07
4.503e-07
0.000308159
0.000209452
0.0032081
0.0519602
0.364109
0.7249
0.858479
0.90056
0.915174
0.920547
0.922556
0.923321
0.923634
0.923783
0.923871
0.923932
0.92398
0.924017
0.924047
0.924071
0.924089
0.924101
0.92411
0.924113
0.924112
0.924106
0.924094
0.924074
0.924045
0.924004
0.923949
0.923878
0.923789
0.923681
0.923554
0.922844
0.911562
0.783981
0.125961
0.000964353
2.0124e-05
3.66076e-06
7.77468e-05
4.503e-07
4.503e-07
4.503e-07
4.503e-07

4.503e-07
4.503e-07
4.503e-07
4.503e-07
4.503e-07
0.000108928
0.00113556
0.0140057
0.16027
0.566524
0.806005
0.88321
0.908901
0.918186
0.921648
0.922953
0.923463
0.923686
0.923804
0.923881
0.923939
0.923984
0.924021
0.924049
0.924071
0.924086
0.924096
0.9241
0.924097
0.924088
0.924071
0.924045
0.924007
0.923955
0.923888
0.923802
0.923698
0.923574
0.923433
0.922136
0.891578
0.572495
0.0195825
0.000133978
8.43115e-06
2.98031e-06
4.503e-07
4.503e-07
4.503e-07
4.503e-07
4.503e-07

4.503e-07
4.503e-07
4.503e-07
4.503e-07
4.503e-07
0.000139674
0.000255845
0.00213605
0.03421
0.284103
0.673044
0.840831
0.894371
0.912843
0.919632
0.922174
0.92314
0.923529
0.923709
0.923813
0.923886
0.923941
0.923985
0.92402
0.924046
0.924065
0.924076
0.924079
0.924075
0.924062
0.924039
0.924004
0.923955
0.923891
0.923808
0.923707
0.923585
0.923445
0.923289
0.912451
0.795947
0.162298
0.00134586
1.79854e-05
5.63741e-06
2.63643e-05
4.503e-07
4.503e-07
4.503e-07
4.503e-07
4.503e-07

4.503e-07
4.503e-07
4.503e-07
4.503e-07
4.503e-07
5.19471e-05
2.53947e-05
0.000268918
0.00406943
0.0636276
0.391896
0.734657
0.860479
0.900943
0.915204
0.920491
0.92248
0.923245
0.923563
0.92372
0.923816
0.923886
0.923939
0.923981
0.924013
0.924035
0.924048
0.924051
0.924043
0.924025
0.923994
0.923949
0.923888
0.923808
0.923709
0.92359
0.923452
0.923295
0.917718
0.858693
0.417249
0.0103052
7.4024e-05
3.3133e-06
9.92427e-07
1.88267e-05
4.503e-07
4.503e-07
4.503e-07
4.503e-07
4.503e-07

4.503e-07
4.503e-07
4.503e-07
4.503e-07
4.503e-07
4.503e-07
2.49733e-05
7.54545e-05
0.000470857
0.00788115
0.112798
0.500422
0.779869
0.873948
0.905264
0.916673
0.920993
0.922647
0.923297
0.923578
0.923723
0.923814
0.923881
0.923931
0.923969
0.923995
0.924009
0.924011
0.924
0.923975
0.923935
0.923878
0.923802
0.923707
0.92359
0.923454
0.923298
0.920446
0.884566
0.591141
0.0365526
0.000316602
7.8469e-06
3.18046e-06
4.75078e-06
4.503e-07
4.503e-07
4.503e-07
4.503e-07
4.503e-07
4.503e-07

4.503e-07
4.503e-07
4.503e-07
4.503e-07
4.503e-07
4.503e-07
2.29815e-05
2.94237e-05
9.20295e-05
0.00099065
0.0177403
0.187112
0.580118
0.803245
0.879672
0.906736
0.917054
0.921086
0.922665
0.923297
0.923574
0.923716
0.923805
0.923868
0.923912
0.923942
0.923958
0.923958
0.923942
0.92391
0.923859
0.923789
0.923698
0.923585
0.923452
0.923298
0.921503
0.8977
0.698268
0.084105
0.000915384
1.6688e-05
2.52524e-06
3.26591e-06
1.27575e-05
4.503e-07
4.503e-07
4.503e-07
4.503e-07
4.503e-07
4.503e-07

4.503e-07
4.503e-07
4.503e-07
4.503e-07
4.503e-07
4.503e-07
4.503e-07
1.16531e-05
4.50033e-05
0.000153915
0.00187613
0.0275663
0.219345
0.590112
0.800391
0.877267
0.905434
0.916413
0.920793
0.922539
0.923244
0.923547
0.923697
0.923784
0.92384
0.923875
0.923891
0.923889
0.923868
0.923827
0.923765
0.923681
0.923574
0.923445
0.923295
0.920446
0.8977
0.739071
0.147919
0.00221745
3.49641e-05
3.15136e-06
2.09545e-06
2.06701e-06
4.503e-07
4.503e-07
4.503e-07
4.503e-07
4.503e-07
4.503e-07
4.503e-07

4.503e-07
4.503e-07
4.503e-07
4.503e-07
4.503e-07
4.503e-07
4.503e-07
4.503e-07
1.22765e-05
1.33201e-05
0.000150747
0.00191886
0.0243924
0.185183
0.545205
0.780501
0.868919
0.901816
0.914864
0.920038
0.922149
0.923047
0.923447
0.923638
0.923735
0.923786
0.923806
0.923802
0.923776
0.923726
0.923652
0.923554
0.923433
0.923289
0.917718
0.884566
0.698268
0.147919
0.00328179
4.89321e-05
3.1644e-06
4.503e-07
1.21298e-06
4.503e-07
4.503e-07
4.503e-07
4.503e-07
4.503e-07
4.503e-07
4.503e-07
4.503e-07

4.503e-07
4.503e-07
4.503e-07
4.503e-07
4.503e-07
4.503e-07
4.503e-07
4.503e-07
4.503e-07
1.11026e-05
3.22249e-05
0.000157262
0.00134832
0.0160407
0.136752
0.472446
0.743534
0.854677
0.894747
0.910284
0.917342
0.920774
0.922417
0.923169
0.9235
0.92364
0.923691
0.923694
0.923665
0.923606
0.923522
0.922844
0.922136
0.912451
0.858693
0.591141
0.084105
0.00221745
4.89321e-05
3.78589e-06
2.55921e-06
3.39022e-06
4.503e-07
4.503e-07
4.503e-07
4.503e-07
4.503e-07
4.503e-07
4.503e-07
4.503e-07
4.503e-07

4.503e-07
4.503e-07
4.503e-07
4.503e-07
4.503e-07
4.503e-07
4.503e-07
4.503e-07
4.503e-07
1.10963e-05
1.90058e-05
4.20276e-05
9.67823e-05
0.000872453
0.00919568
0.0844859
0.372457
0.675072
0.810501
0.868883
0.896787
0.910395
0.916874
0.919812
0.921071
0.921578
0.921764
0.921811
0.92179
0.921727
0.918635
0.911562
0.891578
0.795947
0.417249
0.0365526
0.000915384
3.49641e-05
3.1644e-06
2.55921e-06
4.49089e-06
1.15757e-05
4.503e-07
4.503e-07
4.503e-07
4.503e-07
4.503e-07
4.503e-07
4.503e-07
4.503e-07
4.503e-07

4.503e-07
4.503e-07
4.503e-07
4.503e-07
4.503e-07
4.503e-07
4.503e-07
4.503e-07
4.503e-07
4.503e-07
1.89672e-05
2.26871e-05
1.0207e-05
6.20278e-05
0.00039266
0.00458115
0.0385624
0.184422
0.453496
0.680299
0.802848
0.858142
0.882545
0.893217
0.897745
0.899576
0.900267
0.900489
0.900514
0.892137
0.859281
0.783981
0.572495
0.162298
0.0103052
0.000316602
1.6688e-05
3.15136e-06
4.503e-07
3.39022e-06
1.15757e-05
4.503e-07
4.503e-07
4.503e-07
4.503e-07
4.503e-07
4.503e-07
4.503e-07
4.503e-07
4.503e-07
4.503e-07

4.503e-07
4.503e-07
4.503e-07
4.503e-07
4.503e-07
4.503e-07
4.503e-07
4.503e-07
4.503e-07
4.503e-07
4.503e-07
4.503e-07
4.46658e-06
1.24638e-05
3.58484e-05
0.000195633
0.00086014
0.00662941
0.045634
0.163928
0.370726
0.551073
0.653145
0.70134
0.722441
0.731185
0.734593
0.735794
0.713544
0.59875
0.358023
0.125961
0.0195825
0.00134586
7.4024e-05
7.8469e-06
2.52524e-06
2.09545e-06
1.21298e-06
4.503e-07
4.503e-07
4.503e-07
4.503e-07
4.503e-07
4.503e-07
4.503e-07
4.503e-07
4.503e-07
4.503e-07
4.503e-07
4.503e-07

4.503e-07
4.503e-07
4.503e-07
4.503e-07
4.503e-07
4.503e-07
4.503e-07
4.503e-07
4.503e-07
4.503e-07
4.503e-07
4.503e-07
4.503e-07
4.05301e-06
1.53635e-05
1.99472e-05
2.34185e-05
0.000199046
0.00132449
0.00433048
0.0159158
0.0434021
0.0808135
0.111754
0.130068
0.138917
0.142673
0.133415
0.0841176
0.0264384
0.00551556
0.000964353
0.000133978
1.79854e-05
3.3133e-06
3.18046e-06
3.26591e-06
2.06701e-06
4.503e-07
4.503e-07
4.503e-07
4.503e-07
4.503e-07
4.503e-07
4.503e-07
4.503e-07
4.503e-07
4.503e-07
4.503e-07
4.503e-07
4.503e-07

4.503e-07
4.503e-07
4.503e-07
4.503e-07
4.503e-07
4.503e-07
4.503e-07
4.503e-07
4.503e-07
4.503e-07
4.503e-07
4.503e-07
4.503e-07
4.503e-07
8.70073e-06
6.99331e-06
4.0918e-06
3.65842e-05
6.38988e-05
7.82568e-05
0.000270827
0.000810072
0.00182038
0.0029193
0.00370281
0.00412698
0.00414826
0.00306822
0.00115125
0.000259309
7.41657e-05
2.0124e-05
8.43115e-06
5.63741e-06
9.92427e-07
4.75078e-06
1.27575e-05
4.503e-07
4.503e-07
4.503e-07
4.503e-07
4.503e-07
4.503e-07
4.503e-07
4.503e-07
4.503e-07
4.503e-07
4.503e-07
4.503e-07
4.503e-07
4.503e-07

4.503e-07
4.503e-07
4.503e-07
4.503e-07
4.503e-07
4.503e-07
4.503e-07
4.503e-07
4.503e-07
4.503e-07
4.503e-07
4.503e-07
4.503e-07
4.503e-07
4.503e-07
4.503e-07
1.31887e-05
4.28938e-05
7.74544e-06
7.57996e-06
4.20662e-05
8.59208e-05
0.000185429
0.000312151
0.000413643
0.000469505
0.000447885
0.000279168
9.42672e-05
3.22631e-05
2.37804e-05
3.66076e-06
2.98031e-06
2.63643e-05
1.88267e-05
4.503e-07
4.503e-07
4.503e-07
4.503e-07
4.503e-07
4.503e-07
4.503e-07
4.503e-07
4.503e-07
4.503e-07
4.503e-07
4.503e-07
4.503e-07
4.503e-07
4.503e-07
4.503e-07

4.503e-07
4.503e-07
4.503e-07
4.503e-07
4.503e-07
4.503e-07
4.503e-07
4.503e-07
4.503e-07
4.503e-07
4.503e-07
4.503e-07
4.503e-07
4.503e-07
4.503e-07
4.503e-07
4.503e-07
4.503e-07
4.503e-07
2.11688e-05
8.91527e-05
8.47763e-05
0.000154361
0.000256324
0.000344543
0.000393459
0.000363426
0.000216058
8.16511e-05
4.64476e-05
0.000116744
7.77468e-05
4.503e-07
4.503e-07
4.503e-07
4.503e-07
4.503e-07
4.503e-07
4.503e-07
4.503e-07
4.503e-07
4.503e-07
4.503e-07
4.503e-07
4.503e-07
4.503e-07
4.503e-07
4.503e-07
4.503e-07
4.503e-07
4.503e-07

4.503e-07
4.503e-07
4.503e-07
4.503e-07
4.503e-07
4.503e-07
4.503e-07
4.503e-07
4.503e-07
4.503e-07
4.503e-07
4.503e-07
4.503e-07
4.503e-07
4.503e-07
4.503e-07
4.503e-07
4.503e-07
4.503e-07
4.503e-07
4.503e-07
4.503e-07
4.503e-07
4.503e-07
4.503e-07
4.503e-07
4.503e-07
4.503e-07
4.503e-07
4.503e-07
4.503e-07
4.503e-07
4.503e-07
4.503e-07
4.503e-07
4.503e-07
4.503e-07
4.503e-07
4.503e-07
4.503e-07
4.503e-07
4.503e-07
4.503e-07
4.503e-07
4.503e-07
4.503e-07
4.503e-07
4.503e-07
4.503e-07
4.503e-07
4.503e-07

4.503e-07
4.503e-07
4.503e-07
4.503e-07
4.503e-07
4.503e-07
4.503e-07
4.503e-07
4.503e-07
4.503e-07
4.503e-07
4.503e-07
4.503e-07
4.503e-07
4.503e-07
4.503e-07
4.503e-07
4.503e-07
4.503e-07
4.503e-07
4.503e-07
4.503e-07
4.503e-07
4.503e-07
4.503e-07
4.503e-07
4.503e-07
4.503e-07
4.503e-07
4.503e-07
4.503e-07
4.503e-07
4.503e-07
4.503e-07
4.503e-07
4.503e-07
4.503e-07
4.503e-07
4.503e-07
4.503e-07
4.503e-07
4.503e-07
4.503e-07
4.503e-07
4.503e-07
4.503e-07
4.503e-07
4.503e-07
4.503e-07
4.503e-07
4.503e-07

4.503e-07
4.503e-07
4.503e-07
4.503e-07
4.503e-07
4.503e-07
4.503e-07
4.503e-07
4.503e-07
4.503e-07
4.503e-07
4.503e-07
4.503e-07
4.503e-07
4.503e-07
4.503e-07
4.503e-07
4.503e-07
4.503e-07
4.503e-07
4.503e-07
4.503e-07
4.503e-07
4.503e-07
4.503e-07
4.503e-07
4.503e-07
4.503e-07
4.503e-07
4.503e-07
4.503e-07
4.503e-07
4.503e-07
4.503e-07
4.503e-07
4.503e-07
4.503e-07
4.503e-07
4.503e-07
4.503e-07
4.503e-07
4.503e-07
4.503e-07
4.503e-07
4.503e-07
4.503e-07
4.503e-07
4.503e-07
4.503e-07
4.503e-07
4.503e-07

4.503e-07
4.503e-07
4.503e-07
4.503e-07
4.503e-07
4.503e-07
4.503e-07
4.503e-07
4.503e-07
4.503e-07
4.503e-07
4.503e-07
4.503e-07
4.503e-07
4.503e-07
4.503e-07
4.503e-07
4.503e-07
4.503e-07
4.503e-07
4.503e-07
4.503e-07
4.503e-07
4.503e-07
4.503e-07
4.503e-07
4.503e-07
4.503e-07
4.503e-07
4.503e-07
4.503e-07
4.503e-07
4.503e-07
4.503e-07
4.503e-07
4.503e-07
4.503e-07
4.503e-07
4.503e-07
4.503e-07
4.503e-07
4.503e-07
4.503e-07
4.503e-07
4.503e-07
4.503e-07
4.503e-07
4.503e-07
4.503e-07
4.503e-07
4.503e-07

