1 84.8485 84.8485 50
0 84.8485 84.8485 35
0 85.3535 84.3434 35
0 85.8586 83.8384 35
0 85.8586 83.3333 35
0 86.3636 82.8283 35
0 86.3636 82.3232 35
0 86.3636 81.8182 35
0 86.3636 81.3131 35
0 86.3636 80.8081 35
0 86.3636 80.303 35
0 86.3636 79.798 35
0 86.3636 79.2929 35
0 86.3636 78.7879 35
0 86.3636 78.2828 35
0 86.3636 77.7778 35
0 86.3636 77.2727 35
0 86.3636 76.7677 35
0 86.3636 76.2626 35
0 85.8586 75.7576 35
0 85.8586 75.2525 35
0 85.8586 74.7475 35
0 85.8586 74.2424 35
0 85.8586 73.7374 35
0 85.3535 73.2323 35
0 85.3535 72.7273 35
0 85.3535 72.2222 35
0 85.3535 71.7172 35
0 85.3535 71.2121 35
0 84.8485 70.7071 35
0 84.3434 70.202 35
0 84.3434 69.697 35
0 83.8384 69.1919 35
0 83.3333 68.6869 35
0 83.3333 68.1818 35
0 82.8283 67.6768 35
0 82.3232 67.1717 35
0 81.8182 66.6667 35
0 81.3131 66.1616 35
0 81.3131 65.6566 35
0 80.8081 65.1515 35
0 80.303 64.6465 35
0 79.798 64.1414 35
0 79.2929 63.6364 35
0 78.7879 63.1313 35
0 78.2828 62.6263 35
0 77.7778 62.1212 35
0 77.2727 62.1212 35
0 76.7677 61.6162 35
0 76.2626 61.6162 35
0 75.7576 61.6162 35
0 75.2525 61.6162 35
0 74.7475 62.1212 35
0 74.2424 62.1212 35
0 73.7374 62.1212 35
0 73.2323 62.1212 35
0 72.7273 62.6263 35
0 72.2222 62.6263 35
0 71.7172 62.6263 35
0 71.2121 62.6263 35
0 70.7071 62.6263 35
0 70.202 62.6263 35
0 69.697 63.1313 35
0 69.1919 63.1313 35
0 68.6869 63.1313 35
0 68.1818 63.6364 35
0 67.6768 63.6364 35
0 67.1717 63.6364 35
0 66.6667 64.1414 35
0 66.1616 64.6465 35
0 65.6566 65.1515 35
0 65.1515 65.6566 35
0 64.6465 66.1616 35
0 64.1414 66.6667 35
0 63.6364 67.1717 35
0 63.1313 67.6768 35
0 62.6263 68.1818 35
0 62.1212 68.6869 35
0 62.1212 69.1919 35
0 61.6162 69.697 35
0 61.1111 70.202 35
0 60.6061 70.7071 35
0 60.101 71.2121 35
0 59.596 71.7172 35
0 59.596 72.2222 35
0 59.0909 72.7273 35
0 59.0909 73.2323 35
0 58.5859 73.7374 35
0 58.5859 74.2424 35
0 58.5859 74.7475 35
0 58.0808 75.2525 35
0 58.0808 75.7576 35
0 58.0808 76.2626 35
0 58.0808 76.7677 35
0 58.0808 77.2727 35
0 58.0808 77.7778 35
0 58.0808 78.2828 35
0 58.0808 78.7879 35
0 58.0808 79.2929 35
0 58.0808 79.798 35
0 58.0808 80.303 35
0 58.0808 80.8081 35
0 58.0808 81.3131 35
0 58.0808 81.8182 35
0 58.5859 82.3232 35
0 58.5859 82.8283 35
0 58.5859 83.3333 35
0 59.0909 83.8384 35
0 59.0909 84.3434 35
0 59.596 84.8485 35
0 59.596 85.3535 35
0 60.101 85.8586 35
0 60.101 86.3636 35
0 60.6061 86.8687 35
0 61.1111 87.3737 35
0 61.6162 87.8788 35
0 62.1212 87.8788 35
0 62.6263 88.3838 35
0 63.1313 88.3838 35
0 63.6364 88.8889 35
0 64.1414 88.8889 35
0 64.6465 89.3939 35
0 65.1515 89.899 35
0 65.6566 90.404 35
0 66.1616 90.404 35
0 66.6667 90.404 35
0 67.1717 90.404 35
0 67.6768 90.404 35
0 68.1818 90.404 35
0 68.6869 90.404 35
0 69.1919 90.404 35
0 69.697 90.404 35
0 70.202 90.404 35
0 70.7071 90.404 35
0 71.2121 90.404 35
0 71.7172 90.404 35
0 72.2222 90.404 35
0 72.7273 90.404 35
0 73.2323 90.404 35
0 73.7374 90.404 35
0 74.2424 90.404 35
0 74.7475 90.404 35
0 75.2525 90.404 35
0 75.7576 90.404 35
0 76.2626 90.404 35
0 76.7677 90.404 35
0 77.2727 90.404 35
0 77.7778 89.899 35
0 78.2828 89.899 35
0 78.7879 89.899 35
0 79.2929 89.899 35
0 79.798 89.3939 35
0 80.303 88.8889 35
0 80.8081 88.3838 35
0 81.3131 88.3838 35
0 81.8182 87.8788 35
0 82.3232 87.8788 35
0 82.8283 87.3737 35
0 83.3333 86.8687 35
0 83.8384 86.3636 35
0 84.3434 85.8586 35
0 84.8485 85.3535 35
1 84.8485 85.3535 50
1 81.8182 82.3232 50
0 81.8182 82.3232 35
0 82.3232 81.8182 35
0 82.8283 81.3131 35
0 82.8283 80.8081 35
0 83.3333 80.303 35
0 83.8384 79.798 35
0 83.8384 79.2929 35
1 83.8384 79.2929 50
1 79.798 75.2525 50
0 79.798 75.2525 35
0 80.303 74.7475 35
0 80.303 74.2424 35
0 80.303 73.7374 35
0 79.798 73.2323 35
0 79.2929 73.2323 35
0 78.7879 73.2323 35
0 78.2828 72.7273 35
0 77.7778 72.2222 35
0 77.2727 72.2222 35
0 76.7677 72.7273 35
0 76.7677 73.2323 35
0 76.7677 73.7374 35
0 76.7677 74.2424 35
0 76.7677 74.7475 35
0 76.7677 75.2525 35
0 77.2727 75.7576 35
0 77.7778 75.7576 35
0 78.2828 75.7576 35
0 78.7879 75.7576 35
0 79.2929 75.7576 35
0 79.2929 75.2525 35
0 79.798 74.7475 35
1 79.798 74.7475 50
1 79.798 73.7374 50
0 79.798 73.7374 35
1 79.798 73.7374 50
1 78.7879 72.7273 50
0 78.7879 72.7273 35
0 78.2828 72.2222 35
1 78.2828 72.2222 50
1 59.596 85.8586 50
0 59.596 85.8586 35
1 59.596 85.8586 50
1 61.1111 69.697 50
0 61.1111 69.697 35
1 61.1111 69.697 50
1 62.6263 87.8788 50
0 62.6263 87.8788 35
1 62.6263 87.8788 50
1 64.6465 80.8081 50
0 64.6465 80.8081 35
0 64.6465 80.303 35
1 64.6465 80.303 50
1 64.6465 65.6566 50
0 64.6465 65.6566 35
1 64.6465 65.6566 50
1 65.1515 89.3939 50
0 65.1515 89.3939 35
1 65.1515 89.3939 50
1 65.1515 81.3131 50
0 65.1515 81.3131 35
0 65.1515 81.8182 35
0 65.1515 82.3232 35
0 65.6566 82.8283 35
0 66.1616 83.3333 35
0 66.6667 83.3333 35
0 67.1717 83.8384 35
0 67.6768 83.8384 35
0 68.1818 83.8384 35
0 68.6869 83.8384 35
0 69.1919 84.3434 35
0 69.697 84.3434 35
0 70.202 84.8485 35
0 70.7071 84.8485 35
0 71.2121 84.8485 35
0 71.7172 84.8485 35
0 72.2222 84.8485 35
0 72.7273 84.8485 35
0 73.2323 84.8485 35
0 73.7374 84.8485 35
0 74.2424 84.8485 35
0 74.7475 84.8485 35
0 75.2525 84.8485 35
0 75.7576 84.8485 35
0 76.2626 84.8485 35
0 76.7677 84.8485 35
0 77.2727 84.8485 35
0 77.7778 84.3434 35
0 78.2828 84.3434 35
0 78.7879 84.3434 35
0 79.2929 84.3434 35
0 79.798 83.8384 35
0 80.303 83.3333 35
0 80.8081 83.3333 35
0 81.3131 83.3333 35
0 81.8182 82.8283 35
1 81.8182 82.8283 50
1 65.6566 83.3333 50
0 65.6566 83.3333 35
1 65.6566 83.3333 50
1 66.6667 74.2424 50
0 66.6667 74.2424 35
0 66.6667 73.7374 35
0 66.6667 73.2323 35
0 67.1717 72.7273 35
0 67.6768 72.2222 35
0 68.1818 71.7172 35
0 68.6869 71.7172 35
0 69.1919 72.2222 35
0 69.1919 72.7273 35
0 69.1919 73.2323 35
0 69.1919 73.7374 35
0 68.6869 74.2424 35
0 68.1818 74.7475 35
0 67.6768 74.7475 35
0 67.1717 74.2424 35
1 67.1717 74.2424 50
1 66.6667 72.7273 50
0 66.6667 72.7273 35
0 67.1717 72.2222 35
0 67.6768 71.7172 35
1 67.6768 71.7172 50
1 68.6869 72.2222 50
0 68.6869 72.2222 35
1 68.6869 72.2222 50
1 73.2323 61.6162 50
0 73.2323 61.6162 35
0 73.7374 61.6162 35
0 74.2424 61.6162 35
0 74.7475 61.6162 35
1 74.7475 61.6162 50
1 76.7677 75.7576 50
0 76.7677 75.7576 35
1 76.7677 75.7576 50
1 77.2727 72.7273 50
0 77.2727 72.7273 35
1 77.2727 72.7273 50
1 77.7778 62.6263 50
0 77.7778 62.6263 35
1 77.7778 62.6263 50
1 78.7879 62.6263 50
0 78.7879 62.6263 35
0 79.2929 63.1313 35
0 79.798 63.6364 35
1 79.798 63.6364 50
1 79.798 88.8889 50
0 79.798 88.8889 35
1 79.798 88.8889 50
1 81.8182 66.1616 50
0 81.8182 66.1616 35
1 81.8182 66.1616 50
1 84.8485 71.2121 50
0 84.8485 71.2121 35
1 84.8485 71.2121 50
